0 0.099448 0.285548 0.037055 0.049407
0 0.143513 0.281543 0.037055 0.049407
0 0.188580 0.282878 0.037055 0.049407
0 0.095442 0.345638 0.037055 0.049407
0 0.142512 0.345638 0.037055 0.049407
0 0.189582 0.345638 0.037055 0.049407
0 0.234649 0.344302 0.037055 0.049407
0 0.236652 0.282878 0.037055 0.049407
0 0.282721 0.282878 0.037055 0.049407
0 0.328789 0.280207 0.037055 0.049407
0 0.373856 0.285548 0.037055 0.049407
0 0.420926 0.285548 0.037055 0.049407
0 0.280718 0.344302 0.037055 0.049407
0 0.330792 0.345638 0.037055 0.049407
0 0.375859 0.342967 0.037055 0.049407
0 0.420926 0.344302 0.037055 0.049407
0 0.462989 0.342967 0.037055 0.049407
0 0.466995 0.282878 0.037055 0.049407
0 0.512062 0.284213 0.037055 0.049407
0 0.554125 0.282878 0.037055 0.049407
0 0.601195 0.280207 0.037055 0.049407
0 0.511061 0.346973 0.037055 0.049407
0 0.558131 0.345638 0.037055 0.049407
0 0.602197 0.344302 0.037055 0.049407
0 0.095442 0.407062 0.037055 0.049407
0 0.139507 0.405727 0.037055 0.049407
0 0.187579 0.405727 0.037055 0.049407
0 0.234649 0.405727 0.037055 0.049407
0 0.281719 0.408397 0.037055 0.049407
0 0.326786 0.407062 0.037055 0.049407
0 0.373856 0.408397 0.037055 0.049407
0 0.419925 0.409733 0.037055 0.049407
0 0.465994 0.409733 0.037055 0.049407
0 0.512062 0.403056 0.037055 0.049407
0 0.557129 0.403056 0.037055 0.049407
0 0.604200 0.405727 0.037055 0.049407
0 0.094440 0.471157 0.037055 0.049407
0 0.231645 0.469822 0.037055 0.049407
0 0.182571 0.471157 0.037055 0.049407
0 0.137504 0.469822 0.037055 0.049407
0 0.277713 0.469822 0.037055 0.049407
0 0.325785 0.467151 0.037055 0.049407
0 0.373856 0.469822 0.037055 0.049407
0 0.421928 0.469822 0.037055 0.049407
0 0.467997 0.468487 0.037055 0.049407
0 0.512062 0.467151 0.037055 0.049407
0 0.557129 0.464481 0.037055 0.049407
0 0.602197 0.465816 0.037055 0.049407
0 0.604200 0.528576 0.037055 0.049407
0 0.558131 0.528576 0.037055 0.049407
0 0.513064 0.531246 0.037055 0.049407
0 0.470000 0.531246 0.037055 0.049407
0 0.420926 0.533917 0.037055 0.049407
0 0.373856 0.531246 0.037055 0.049407
0 0.325785 0.532582 0.037055 0.049407
0 0.276712 0.532582 0.037055 0.049407
0 0.230643 0.535252 0.037055 0.049407
0 0.183573 0.535252 0.037055 0.049407
0 0.135501 0.536588 0.037055 0.049407
0 0.089433 0.536588 0.037055 0.049407
0 0.086428 0.598012 0.037055 0.049407
0 0.133498 0.600683 0.037055 0.049407
0 0.180568 0.596677 0.037055 0.049407
0 0.228640 0.598012 0.037055 0.049407
0 0.275710 0.598012 0.037055 0.049407
0 0.325785 0.598012 0.037055 0.049407
0 0.373856 0.591336 0.037055 0.049407
0 0.418924 0.594006 0.037055 0.049407
0 0.465994 0.591336 0.037055 0.049407
0 0.515067 0.592671 0.037055 0.049407
0 0.558131 0.591336 0.037055 0.049407
0 0.607204 0.594006 0.037055 0.049407
0 0.083424 0.670119 0.037055 0.049407
0 0.131495 0.666113 0.037055 0.049407
0 0.180568 0.664778 0.037055 0.049407
0 0.228640 0.663443 0.037055 0.049407
0 0.273707 0.659437 0.037055 0.049407
0 0.323782 0.663443 0.037055 0.049407
0 0.370852 0.660772 0.037055 0.049407
0 0.418924 0.658101 0.037055 0.049407
0 0.467997 0.656766 0.037055 0.049407
0 0.515067 0.658101 0.037055 0.049407
0 0.562137 0.656766 0.037055 0.049407
0 0.607204 0.656766 0.037055 0.049407
0 0.081921 0.732879 0.040060 0.052077
0 0.129492 0.728873 0.037055 0.049407
0 0.178565 0.728873 0.037055 0.049407
0 0.225636 0.730208 0.037055 0.049407
0 0.274709 0.728873 0.037055 0.049407
0 0.320777 0.730208 0.037055 0.049407
0 0.371853 0.728873 0.037055 0.049407
0 0.419925 0.726870 0.037055 0.053413
0 0.467997 0.724867 0.037055 0.049407
0 0.514063 0.722864 0.043064 0.050742
0 0.561135 0.722196 0.037055 0.049407
0 0.610208 0.722196 0.037055 0.049407
0 0.611210 0.791633 0.037055 0.049407
0 0.562137 0.790297 0.037055 0.049407
0 0.515067 0.791633 0.037055 0.049407
0 0.466995 0.791633 0.037055 0.049407
0 0.417922 0.794303 0.037055 0.049407
0 0.372855 0.795639 0.037055 0.049407
0 0.323782 0.794303 0.037055 0.049407
0 0.273707 0.794303 0.037055 0.049407
0 0.226637 0.795639 0.037055 0.049407
0 0.176562 0.798309 0.037055 0.049407
0 0.128491 0.796974 0.037055 0.049407
0 0.079418 0.799645 0.037055 0.049407
0 0.646262 0.281543 0.037055 0.049407
0 0.647264 0.338961 0.037055 0.049407
0 0.649267 0.401721 0.037055 0.049407
0 0.651270 0.464481 0.037055 0.049407
0 0.651270 0.532582 0.037055 0.049407
0 0.653273 0.591336 0.037055 0.049407
0 0.655276 0.656766 0.037055 0.049407
0 0.657279 0.722196 0.037055 0.049407
0 0.660283 0.791633 0.037055 0.049407
0 0.692331 0.281543 0.037055 0.049407
0 0.738399 0.278872 0.037055 0.049407
0 0.692331 0.340296 0.037055 0.049407
0 0.740402 0.341632 0.037055 0.049407
0 0.783467 0.280207 0.037055 0.049407
0 0.785470 0.338961 0.037055 0.049407
0 0.828534 0.280207 0.037055 0.049407
0 0.874602 0.276201 0.037055 0.049407
0 0.916665 0.276201 0.037055 0.049407
0 0.829535 0.340296 0.037055 0.049407
0 0.878608 0.340296 0.037055 0.049407
0 0.920671 0.336290 0.037055 0.049407
0 0.924677 0.397715 0.037055 0.049407
0 0.880611 0.400386 0.037055 0.049407
0 0.834543 0.399050 0.037055 0.049407
0 0.786471 0.401721 0.037055 0.049407
0 0.740402 0.401721 0.037055 0.049407
0 0.696337 0.404391 0.037055 0.049407
0 0.694334 0.464481 0.037055 0.049407
0 0.745410 0.464481 0.037055 0.049407
0 0.791479 0.463145 0.037055 0.049407
0 0.835544 0.467151 0.037055 0.049407
0 0.880611 0.464481 0.037055 0.049407
0 0.926680 0.463145 0.037055 0.049407
0 0.931687 0.523234 0.037055 0.049407
0 0.883616 0.523234 0.037055 0.049407
0 0.838549 0.525905 0.037055 0.049407
0 0.793482 0.528576 0.037055 0.049407
0 0.746411 0.525905 0.037055 0.049407
0 0.701344 0.527240 0.037055 0.049407
0 0.701344 0.594006 0.037055 0.049407
0 0.748414 0.590000 0.037055 0.049407
0 0.796486 0.594006 0.037055 0.049407
0 0.841553 0.588665 0.037055 0.049407
0 0.889625 0.591336 0.037055 0.049407
0 0.938698 0.587330 0.037055 0.049407
0 0.939699 0.652760 0.037055 0.049407
0 0.894632 0.656766 0.037055 0.049407
0 0.844558 0.656766 0.037055 0.049407
0 0.798489 0.652760 0.037055 0.049407
0 0.751419 0.654095 0.037055 0.049407
0 0.704349 0.658101 0.037055 0.049407
0 0.706352 0.720861 0.037055 0.049407
0 0.752420 0.723532 0.037055 0.049407
0 0.801493 0.722196 0.037055 0.049407
0 0.847562 0.719526 0.037055 0.049407
0 0.896635 0.720861 0.037055 0.049407
0 0.942704 0.719526 0.037055 0.049407
0 0.949714 0.786291 0.037055 0.049407
0 0.898638 0.787627 0.037055 0.049407
0 0.850567 0.787627 0.037055 0.049407
0 0.802495 0.786291 0.037055 0.049407
0 0.754423 0.786291 0.037055 0.049407
0 0.707353 0.787627 0.037055 0.049407