0 0.083311 0.274282 0.038657 0.051542
0 0.131299 0.279614 0.038657 0.051542
0 0.179952 0.278726 0.034657 0.049765
0 0.227273 0.277837 0.035990 0.051542
0 0.273260 0.277837 0.039989 0.047987
0 0.323914 0.277837 0.039989 0.047987
0 0.367902 0.281392 0.039989 0.047987
0 0.414557 0.283169 0.039989 0.047987
0 0.462544 0.281392 0.039989 0.047987
0 0.507866 0.279614 0.039989 0.047987
0 0.553187 0.277837 0.039989 0.047987
0 0.599842 0.277837 0.039989 0.047987
0 0.649162 0.281392 0.039989 0.047987
0 0.693151 0.283169 0.039989 0.047987
0 0.741138 0.279614 0.039989 0.047987
0 0.787793 0.277837 0.039989 0.047987
0 0.831782 0.281392 0.039989 0.047987
0 0.878436 0.277837 0.039989 0.047987
0 0.923758 0.281392 0.039989 0.047987
0 0.079977 0.336488 0.039989 0.047987
0 0.129298 0.340043 0.039989 0.047987
0 0.175952 0.340043 0.039989 0.047987
0 0.223940 0.338265 0.039989 0.047987
0 0.273260 0.341820 0.039989 0.047987
0 0.318582 0.341820 0.039989 0.047987
0 0.366569 0.341820 0.039989 0.047987
0 0.415890 0.345375 0.039989 0.047987
0 0.458545 0.343597 0.039989 0.047987
0 0.506533 0.341820 0.039989 0.047987
0 0.554520 0.345375 0.039989 0.047987
0 0.599842 0.343597 0.039989 0.047987
0 0.649162 0.343597 0.039989 0.047987
0 0.693151 0.341820 0.039989 0.047987
0 0.741138 0.341820 0.039989 0.047987
0 0.783794 0.343597 0.039989 0.047987
0 0.835780 0.343597 0.039989 0.047987
0 0.878436 0.341820 0.039989 0.047987
0 0.925091 0.341820 0.039989 0.047987
0 0.077312 0.402248 0.039989 0.047987
0 0.125299 0.404026 0.039989 0.047987
0 0.175952 0.405803 0.039989 0.047987
0 0.222607 0.405803 0.039989 0.047987
0 0.270594 0.405803 0.039989 0.047987
0 0.317249 0.404026 0.039989 0.047987
0 0.365236 0.405803 0.039989 0.047987
0 0.414557 0.407580 0.039989 0.047987
0 0.462544 0.404026 0.039989 0.047987
0 0.507866 0.405803 0.039989 0.047987
0 0.553187 0.405803 0.039989 0.047987
0 0.599842 0.405803 0.039989 0.047987
0 0.647829 0.405803 0.039989 0.047987
0 0.694484 0.405803 0.039989 0.047987
0 0.741138 0.405803 0.039989 0.047987
0 0.787793 0.402248 0.039989 0.047987
0 0.835780 0.402248 0.039989 0.047987
0 0.882435 0.402248 0.039989 0.047987
0 0.929089 0.404026 0.039989 0.047987
0 0.077312 0.468009 0.039989 0.047987
0 0.123966 0.468009 0.039989 0.047987
0 0.170621 0.468009 0.039989 0.047987
0 0.221274 0.469786 0.039989 0.047987
0 0.269261 0.469786 0.039989 0.047987
0 0.317249 0.469786 0.039989 0.047987
0 0.366569 0.469786 0.039989 0.047987
0 0.414557 0.469786 0.039989 0.047987
0 0.461211 0.469786 0.039989 0.047987
0 0.507866 0.468009 0.039989 0.047987
0 0.554520 0.469786 0.039989 0.047987
0 0.603841 0.471563 0.039989 0.047987
0 0.649162 0.468009 0.039989 0.047987
0 0.697150 0.468009 0.039989 0.047987
0 0.742471 0.468009 0.039989 0.047987
0 0.790459 0.468009 0.039989 0.047987
0 0.837113 0.466231 0.039989 0.047987
0 0.885101 0.468009 0.039989 0.047987
0 0.930422 0.466231 0.039989 0.047987
0 0.937087 0.533769 0.039989 0.047987
0 0.890433 0.535546 0.039989 0.047987
0 0.843778 0.533769 0.039989 0.047987
0 0.794458 0.533769 0.039989 0.047987
0 0.743804 0.533769 0.039989 0.047987
0 0.695817 0.530214 0.039989 0.047987
0 0.650495 0.531991 0.039989 0.047987
0 0.602508 0.533769 0.039989 0.047987
0 0.553187 0.531991 0.039989 0.051542
0 0.506533 0.535546 0.039989 0.047987
0 0.461211 0.533769 0.039989 0.051542
0 0.414557 0.533769 0.039989 0.051542
0 0.365236 0.533769 0.039989 0.051542
0 0.314583 0.535546 0.039989 0.051542
0 0.265263 0.533769 0.039989 0.051542
0 0.215942 0.533769 0.039989 0.051542
0 0.167955 0.535546 0.039989 0.051542
0 0.119967 0.533769 0.039989 0.051542
0 0.071980 0.531991 0.039989 0.051542
0 0.067981 0.603084 0.039989 0.051542
0 0.114635 0.599529 0.039989 0.051542
0 0.169288 0.601306 0.039989 0.051542
0 0.215942 0.603084 0.039989 0.051542
0 0.263930 0.599529 0.039989 0.051542
0 0.315916 0.603084 0.039989 0.051542
0 0.363903 0.601306 0.039989 0.051542
0 0.413224 0.603084 0.039989 0.051542
0 0.459878 0.601306 0.039989 0.051542
0 0.509199 0.601306 0.039989 0.051542
0 0.557186 0.599529 0.039989 0.051542
0 0.602508 0.595974 0.039989 0.051542
0 0.650495 0.601306 0.039989 0.051542
0 0.701149 0.597752 0.039989 0.051542
0 0.749136 0.597752 0.039989 0.051542
0 0.794458 0.595974 0.039989 0.051542
0 0.843778 0.597752 0.039989 0.051542
0 0.895765 0.597752 0.039989 0.051542
0 0.941086 0.595974 0.039989 0.051542
0 0.945085 0.663512 0.039989 0.051542
0 0.894432 0.661735 0.039989 0.051542
0 0.847777 0.661735 0.039989 0.051542
0 0.797124 0.665289 0.039989 0.051542
0 0.753135 0.667067 0.039989 0.051542
0 0.702482 0.665289 0.039989 0.051542
0 0.654494 0.665289 0.039989 0.051542
0 0.603841 0.667067 0.039989 0.051542
0 0.557186 0.665289 0.039989 0.051542
0 0.503867 0.661735 0.039989 0.051542
0 0.459878 0.663512 0.039989 0.051542
0 0.410558 0.665289 0.039989 0.051542
0 0.362570 0.667067 0.039989 0.051542
0 0.313250 0.667067 0.039989 0.051542
0 0.265263 0.667067 0.039989 0.051542
0 0.211943 0.670621 0.039989 0.051542
0 0.166622 0.667067 0.039989 0.051542
0 0.114635 0.668844 0.039989 0.051542
0 0.066648 0.672398 0.039989 0.051542
0 0.058650 0.738159 0.039989 0.051542
0 0.109303 0.738159 0.039989 0.051542
0 0.165289 0.734604 0.039989 0.051542
0 0.213276 0.736381 0.039989 0.051542
0 0.261264 0.736381 0.039989 0.051542
0 0.311917 0.738159 0.039989 0.051542
0 0.362570 0.734604 0.039989 0.051542
0 0.413224 0.736381 0.039989 0.051542
0 0.459878 0.734604 0.039989 0.051542
0 0.507866 0.734604 0.039989 0.051542
0 0.554520 0.732827 0.039989 0.051542
0 0.607840 0.732827 0.039989 0.051542
0 0.657160 0.734604 0.039989 0.051542
0 0.705148 0.736381 0.039989 0.051542
0 0.755801 0.732827 0.039989 0.051542
0 0.801123 0.732827 0.039989 0.051542
0 0.850443 0.732827 0.039989 0.051542
0 0.899764 0.734604 0.039989 0.051542
0 0.950417 0.727495 0.039989 0.051542
0 0.954416 0.800364 0.039989 0.051542
0 0.903763 0.798587 0.039989 0.051542
0 0.855775 0.800364 0.039989 0.051542
0 0.805122 0.800364 0.039989 0.051542
0 0.755801 0.798587 0.039989 0.051542
0 0.706481 0.803919 0.039989 0.051542
0 0.655827 0.802142 0.039989 0.051542
0 0.609173 0.802142 0.039989 0.051542
0 0.561185 0.802142 0.039989 0.051542
0 0.509199 0.803919 0.039989 0.051542
0 0.458545 0.802142 0.039989 0.051542
0 0.411891 0.809251 0.039989 0.051542
0 0.358572 0.807474 0.039989 0.051542
0 0.314583 0.803919 0.039989 0.051542
0 0.262597 0.805696 0.039989 0.051542
0 0.210610 0.805696 0.039989 0.051542
0 0.158624 0.807474 0.039989 0.051542
0 0.109303 0.812805 0.039989 0.051542
0 0.057317 0.807474 0.039989 0.051542