0 0.061000 0.288777 0.036418 0.044915
0 0.107432 0.288777 0.036418 0.044915
0 0.152044 0.285136 0.036418 0.044915
0 0.193925 0.287564 0.036418 0.044915
0 0.241268 0.286350 0.036418 0.044915
0 0.289522 0.285136 0.036418 0.044915
0 0.057358 0.350688 0.036418 0.044915
0 0.104701 0.349474 0.036418 0.044915
0 0.153865 0.348260 0.036418 0.044915
0 0.198477 0.345832 0.036418 0.044915
0 0.243089 0.343404 0.036418 0.044915
0 0.289522 0.343404 0.036418 0.044915
0 0.335044 0.283922 0.036418 0.044915
0 0.334134 0.343404 0.036418 0.044915
0 0.056447 0.412598 0.036418 0.044915
0 0.102880 0.408956 0.036418 0.044915
0 0.152044 0.411384 0.036418 0.044915
0 0.196656 0.407742 0.036418 0.044915
0 0.242179 0.412598 0.036418 0.044915
0 0.288611 0.407742 0.036418 0.044915
0 0.335044 0.407742 0.036418 0.044915
0 0.381477 0.283922 0.036418 0.044915
0 0.380567 0.345832 0.036418 0.044915
0 0.381477 0.408956 0.036418 0.052199
0 0.057358 0.475722 0.036418 0.044915
0 0.102880 0.473901 0.036418 0.046129
0 0.150223 0.473294 0.036418 0.047343
0 0.196656 0.475115 0.036418 0.048557
0 0.243089 0.473294 0.036418 0.044915
0 0.288611 0.471473 0.036418 0.050985
0 0.335955 0.470866 0.036418 0.047343
0 0.380567 0.469652 0.036418 0.047343
0 0.424721 0.283922 0.035507 0.049771
0 0.425179 0.344618 0.036418 0.047343
0 0.425179 0.407135 0.036418 0.046129
0 0.426999 0.467224 0.036418 0.047343
0 0.470701 0.283922 0.036418 0.047343
0 0.472522 0.343404 0.036418 0.047343
0 0.472522 0.404100 0.036418 0.047343
0 0.473432 0.466010 0.036418 0.047343
0 0.516223 0.283922 0.036418 0.047343
0 0.515313 0.345832 0.036418 0.047343
0 0.518044 0.401672 0.036418 0.047343
0 0.515313 0.464796 0.036418 0.047343
0 0.052806 0.538846 0.036418 0.047343
0 0.101970 0.540059 0.036418 0.047343
0 0.148403 0.537632 0.036418 0.047343
0 0.196656 0.537632 0.036418 0.047343
0 0.244000 0.533990 0.036418 0.047343
0 0.288611 0.532776 0.036418 0.047343
0 0.335044 0.535204 0.036418 0.047343
0 0.382388 0.531562 0.036418 0.047343
0 0.428436 0.531562 0.036418 0.047343
0 0.475697 0.531562 0.036418 0.047343
0 0.518110 0.529946 0.036418 0.047343
0 0.520533 0.591344 0.036418 0.047343
0 0.472061 0.591344 0.036418 0.047343
0 0.428436 0.591344 0.036418 0.047343
0 0.379964 0.596191 0.036418 0.047343
0 0.335127 0.596191 0.036418 0.047343
0 0.289078 0.597807 0.036418 0.047343
0 0.241818 0.597807 0.036418 0.047343
0 0.196981 0.601038 0.036418 0.047343
0 0.148509 0.599423 0.036418 0.047343
0 0.101249 0.602654 0.036418 0.047343
0 0.053988 0.602654 0.036418 0.047343
0 0.052776 0.665668 0.036418 0.047343
0 0.097613 0.665668 0.036418 0.047343
0 0.147297 0.665668 0.036418 0.047343
0 0.192134 0.662436 0.036418 0.047343
0 0.239394 0.665668 0.036418 0.047343
0 0.287867 0.664052 0.036418 0.047343
0 0.333915 0.662436 0.036418 0.047343
0 0.382388 0.660820 0.036418 0.047343
0 0.429648 0.655973 0.036418 0.047343
0 0.475697 0.654358 0.036418 0.047343
0 0.521745 0.657589 0.036418 0.047343
0 0.520533 0.718987 0.036418 0.047343
0 0.474485 0.722218 0.036418 0.047343
0 0.432072 0.723834 0.036418 0.047343
0 0.378752 0.723834 0.036418 0.047343
0 0.335127 0.727065 0.036418 0.047343
0 0.286655 0.728681 0.036418 0.047343
0 0.239394 0.728681 0.036418 0.047343
0 0.195769 0.728681 0.036418 0.047343
0 0.147297 0.728681 0.036418 0.047343
0 0.097613 0.731913 0.036418 0.047343
0 0.047929 0.735144 0.036418 0.047343
0 0.047929 0.796542 0.036418 0.047343
0 0.096401 0.793310 0.036418 0.047343
0 0.146085 0.796542 0.036418 0.047343
0 0.193346 0.793310 0.036418 0.047343
0 0.239394 0.794926 0.036418 0.047343
0 0.285443 0.793310 0.036418 0.047343
0 0.333915 0.790079 0.036418 0.047343
0 0.381176 0.790079 0.036418 0.047343
0 0.427224 0.788463 0.036418 0.047343
0 0.474485 0.788463 0.036418 0.047343
0 0.522957 0.788463 0.036418 0.047343
0 0.561735 0.277892 0.036418 0.047343
0 0.561735 0.340906 0.036418 0.047343
0 0.560523 0.402304 0.036418 0.047343
0 0.564158 0.466933 0.036418 0.047343
0 0.564158 0.528331 0.036418 0.047343
0 0.564158 0.592960 0.036418 0.047343
0 0.566582 0.654358 0.036418 0.047343
0 0.569006 0.720602 0.036418 0.047343
0 0.569006 0.785232 0.036418 0.047343
0 0.606571 0.279508 0.036418 0.047343
0 0.606571 0.340906 0.036418 0.047343
0 0.608995 0.400688 0.036418 0.047343
0 0.610207 0.465317 0.036418 0.047343
0 0.610207 0.528331 0.036418 0.047343
0 0.611419 0.591344 0.036418 0.047343
0 0.615054 0.652742 0.036418 0.047343
0 0.617478 0.722218 0.036418 0.047343
0 0.615054 0.783616 0.036418 0.047343
0 0.651408 0.281124 0.036418 0.047343
0 0.650196 0.337674 0.036418 0.047343
0 0.652620 0.399072 0.036418 0.047343
0 0.653832 0.463701 0.036418 0.047343
0 0.656256 0.525099 0.036418 0.047343
0 0.657467 0.586497 0.036418 0.047343
0 0.658679 0.649510 0.036418 0.047343
0 0.661103 0.715755 0.036418 0.047343
0 0.665950 0.782000 0.036418 0.047343
0 0.699880 0.274661 0.036418 0.047343
0 0.696245 0.339290 0.036418 0.047343
0 0.698669 0.399072 0.036418 0.047343
0 0.701092 0.463701 0.036418 0.047343
0 0.702304 0.526715 0.036418 0.047343
0 0.704728 0.586497 0.036418 0.047343
0 0.709575 0.651126 0.036418 0.047343
0 0.705940 0.712524 0.036418 0.047343
0 0.713210 0.785232 0.036418 0.047343
0 0.741082 0.271429 0.036418 0.047343
0 0.744717 0.337674 0.036418 0.047343
0 0.745929 0.399072 0.036418 0.047343
0 0.749565 0.462086 0.036418 0.047343
0 0.750776 0.523483 0.036418 0.047343
0 0.753200 0.584881 0.036418 0.047343
0 0.754412 0.649510 0.036418 0.047343
0 0.756835 0.720602 0.036418 0.047343
0 0.756835 0.782000 0.036418 0.047343
0 0.785919 0.274661 0.036418 0.047343
0 0.793190 0.336059 0.036418 0.047343
0 0.791978 0.394225 0.036418 0.047343
0 0.793190 0.457238 0.036418 0.047343
0 0.796825 0.525099 0.036418 0.047343
0 0.798037 0.586497 0.036418 0.047343
0 0.800460 0.651126 0.036418 0.047343
0 0.804096 0.718987 0.036418 0.047343
0 0.804096 0.780385 0.036418 0.047343
0 0.833179 0.274661 0.036418 0.047343
0 0.836814 0.331211 0.036418 0.047343
0 0.838026 0.399072 0.036418 0.047343
0 0.841662 0.457238 0.036418 0.047343
0 0.841662 0.520252 0.036418 0.047343
0 0.846509 0.586497 0.036418 0.047343
0 0.847721 0.647895 0.036418 0.047343
0 0.850144 0.715755 0.036418 0.047343
0 0.852568 0.778769 0.036418 0.047343
0 0.879228 0.277892 0.036418 0.047343
0 0.882863 0.336059 0.036418 0.047343
0 0.879228 0.397456 0.036418 0.047343
0 0.886499 0.457238 0.036418 0.047343
0 0.886499 0.521868 0.036418 0.047343
0 0.892558 0.586497 0.036418 0.047343
0 0.894981 0.651126 0.036418 0.047343
0 0.899828 0.717371 0.036418 0.047343
0 0.898617 0.777153 0.036418 0.047343