0 0.072809 0.164802 0.032216 0.064090
0 0.120490 0.160224 0.032216 0.064090
0 0.165593 0.169380 0.032216 0.064090
0 0.211985 0.164802 0.032216 0.064090
0 0.257089 0.167091 0.032216 0.064090
0 0.308635 0.164802 0.032216 0.064090
0 0.351161 0.167091 0.032216 0.064090
0 0.400131 0.164802 0.032216 0.064090
0 0.445234 0.169380 0.032216 0.064090
0 0.490338 0.164802 0.032216 0.064090
0 0.539307 0.164802 0.032216 0.064090
0 0.584410 0.162513 0.032216 0.064090
0 0.628225 0.162513 0.032216 0.064090
0 0.674617 0.167091 0.032216 0.064090
0 0.722298 0.167091 0.032216 0.064090
0 0.767401 0.167091 0.032216 0.064090
0 0.815082 0.162513 0.032216 0.064090
0 0.858896 0.164802 0.032216 0.064090
0 0.904000 0.164802 0.032216 0.064090
0 0.902711 0.244916 0.032216 0.064090
0 0.860185 0.244916 0.032216 0.064090
0 0.809927 0.244916 0.032216 0.064090
0 0.766112 0.247205 0.032216 0.064090
0 0.721009 0.242627 0.032216 0.064090
0 0.674617 0.249494 0.032216 0.064090
0 0.629514 0.249494 0.032216 0.064090
0 0.581833 0.251783 0.032216 0.064090
0 0.536730 0.251783 0.032216 0.064090
0 0.490338 0.250638 0.034794 0.066379
0 0.444590 0.247205 0.036082 0.064090
0 0.400775 0.247205 0.036082 0.064090
0 0.354383 0.251783 0.036082 0.064090
0 0.306702 0.251783 0.036082 0.064090
0 0.265465 0.254072 0.036082 0.064090
0 0.219073 0.247205 0.036082 0.064090
0 0.168815 0.249494 0.036082 0.064090
0 0.121134 0.244916 0.036082 0.064090
0 0.078608 0.249494 0.036082 0.064090
0 0.901422 0.331896 0.032216 0.064090
0 0.857608 0.329607 0.032216 0.064090
0 0.813793 0.322741 0.032216 0.064090
0 0.768690 0.331896 0.032216 0.064090
0 0.721009 0.329607 0.032216 0.064090
0 0.672040 0.338763 0.032216 0.064090
0 0.625648 0.343341 0.032216 0.064090
0 0.584410 0.331896 0.032216 0.064090
0 0.538018 0.338763 0.032216 0.064090
0 0.489049 0.334185 0.032216 0.064090
0 0.445234 0.334185 0.032216 0.064090
0 0.402708 0.334185 0.032216 0.064090
0 0.356316 0.331896 0.032216 0.064090
0 0.308635 0.329607 0.032216 0.064090
0 0.263532 0.336474 0.032216 0.064090
0 0.218429 0.331896 0.032216 0.064090
0 0.172037 0.334185 0.032216 0.064090
0 0.124356 0.336474 0.032216 0.064090
0 0.077964 0.334185 0.032216 0.064090
0 0.905288 0.409721 0.032216 0.064090
0 0.857608 0.409721 0.032216 0.064090
0 0.811216 0.412010 0.032216 0.064090
0 0.763535 0.414299 0.032216 0.064090
0 0.721009 0.416588 0.032216 0.064090
0 0.677194 0.421166 0.032216 0.064090
0 0.628225 0.416588 0.032216 0.064090
0 0.586988 0.416588 0.032216 0.064090
0 0.535441 0.418877 0.032216 0.064090
0 0.494204 0.416588 0.034794 0.064090
0 0.447812 0.412010 0.032216 0.064090
0 0.405285 0.416588 0.032216 0.064090
0 0.352450 0.416588 0.032216 0.064090
0 0.309924 0.416588 0.032216 0.064090
0 0.264821 0.416588 0.032216 0.064090
0 0.219717 0.421166 0.032216 0.064090
0 0.173325 0.423455 0.032216 0.064090
0 0.128222 0.421166 0.032216 0.064090
0 0.079253 0.412010 0.032216 0.064090
0 0.902711 0.494413 0.032216 0.064090
0 0.858896 0.498991 0.032216 0.064090
0 0.807350 0.498991 0.032216 0.064090
0 0.763535 0.501280 0.032216 0.064090
0 0.768690 0.576816 0.032216 0.064090
0 0.811216 0.576816 0.032216 0.064090
0 0.860185 0.576816 0.032216 0.064090
0 0.904000 0.581394 0.032216 0.064090
0 0.718432 0.501280 0.032216 0.064090
0 0.672040 0.496702 0.032216 0.064090
0 0.718432 0.579105 0.032216 0.064090
0 0.675906 0.579105 0.032216 0.064090
0 0.626936 0.492124 0.032216 0.064090
0 0.629514 0.576816 0.032216 0.064090
0 0.580544 0.579105 0.032216 0.064090
0 0.581833 0.501280 0.032216 0.064090
0 0.534152 0.501280 0.032216 0.064090
0 0.536730 0.585971 0.032216 0.064090
0 0.487760 0.501280 0.032216 0.064090
0 0.492915 0.579105 0.032216 0.064090
0 0.447812 0.503569 0.032216 0.064090
0 0.445234 0.583683 0.032216 0.064090
0 0.405285 0.501280 0.032216 0.064090
0 0.357605 0.498991 0.032216 0.064090
0 0.311213 0.501280 0.032216 0.064090
0 0.264821 0.503569 0.032216 0.064090
0 0.221006 0.501280 0.032216 0.064090
0 0.172037 0.498991 0.032216 0.064090
0 0.126933 0.508147 0.032216 0.064090
0 0.083119 0.503569 0.032216 0.064090
0 0.079253 0.588260 0.032216 0.064090
0 0.130799 0.585971 0.032216 0.064090
0 0.174614 0.581394 0.032216 0.064090
0 0.222295 0.583683 0.032216 0.064090
0 0.267398 0.588260 0.032216 0.064090
0 0.312501 0.581394 0.032216 0.064090
0 0.352450 0.585971 0.032216 0.064090
0 0.401419 0.583683 0.032216 0.064090
0 0.900134 0.661507 0.032216 0.064090
0 0.853742 0.663796 0.032216 0.064090
0 0.807350 0.659218 0.032216 0.064090
0 0.763535 0.659218 0.032216 0.064090
0 0.715854 0.656929 0.032216 0.064090
0 0.673328 0.666085 0.032216 0.064090
0 0.630802 0.661507 0.032216 0.064090
0 0.584410 0.661507 0.032216 0.064090
0 0.538018 0.666085 0.032216 0.064090
0 0.496781 0.659218 0.032216 0.064090
0 0.446523 0.666085 0.032216 0.064090
0 0.402708 0.666085 0.032216 0.064090
0 0.629514 0.670663 0.032216 0.064090
0 0.355027 0.666085 0.032216 0.064090
0 0.311213 0.666085 0.032216 0.064090
0 0.266109 0.659218 0.032216 0.064090
0 0.223583 0.663796 0.032216 0.064090
0 0.172037 0.666085 0.032216 0.064090
0 0.130799 0.666085 0.032216 0.064090
0 0.084407 0.666085 0.032216 0.064090
0 0.084407 0.753066 0.032216 0.064090
0 0.132088 0.755355 0.032216 0.064090
0 0.086985 0.830891 0.032216 0.064090
0 0.134665 0.833180 0.032216 0.064090
0 0.177191 0.828602 0.032216 0.064090
0 0.177191 0.750777 0.032216 0.064090
0 0.221006 0.746199 0.032216 0.064090
0 0.221006 0.826313 0.032216 0.064090
0 0.267398 0.748488 0.032216 0.064090
0 0.269975 0.830891 0.032216 0.064090
0 0.312501 0.748488 0.032216 0.064090
0 0.312501 0.826313 0.032216 0.064090
0 0.357605 0.748488 0.032216 0.064090
0 0.361471 0.828602 0.032216 0.064090
0 0.402708 0.746199 0.032216 0.064090
0 0.451678 0.748488 0.032216 0.064090
0 0.490338 0.750777 0.032216 0.064090
0 0.539307 0.750777 0.032216 0.064090
0 0.581833 0.746199 0.032216 0.064090
0 0.402708 0.833180 0.032216 0.064090
0 0.450389 0.824024 0.032216 0.064090
0 0.495492 0.828602 0.032216 0.064090
0 0.539307 0.828602 0.032216 0.064090
0 0.584410 0.826313 0.032216 0.064090
0 0.624359 0.824024 0.032216 0.064090
0 0.626936 0.743910 0.032216 0.064090
0 0.670751 0.741621 0.032216 0.064090
0 0.715854 0.746199 0.032216 0.064090
0 0.675906 0.828602 0.032216 0.064090
0 0.718432 0.824024 0.032216 0.064090
0 0.764824 0.748488 0.032216 0.064090
0 0.808638 0.746199 0.032216 0.064090
0 0.857608 0.741621 0.032216 0.064090
0 0.897556 0.741621 0.032216 0.064090
0 0.764824 0.824024 0.032216 0.064090
0 0.807350 0.824024 0.032216 0.064090
0 0.856319 0.828602 0.032216 0.064090
0 0.900134 0.828602 0.032216 0.064090