0 0.080541 0.162513 0.037371 0.054934
0 0.126933 0.162513 0.037371 0.054934
0 0.173325 0.164802 0.037371 0.054934
0 0.218429 0.164802 0.037371 0.054934
0 0.266109 0.159080 0.037371 0.061801
0 0.311213 0.165946 0.037371 0.061801
0 0.356316 0.165946 0.037371 0.061801
0 0.402708 0.163658 0.037371 0.061801
0 0.446523 0.159080 0.037371 0.061801
0 0.491626 0.156791 0.037371 0.061801
0 0.536730 0.159080 0.037371 0.061801
0 0.584410 0.159080 0.037371 0.061801
0 0.583122 0.246060 0.037371 0.061801
0 0.539307 0.239193 0.037371 0.061801
0 0.491626 0.243771 0.037371 0.061801
0 0.446523 0.243771 0.037371 0.061801
0 0.400131 0.243771 0.037371 0.061801
0 0.357605 0.243771 0.037371 0.061801
0 0.312501 0.246060 0.037371 0.061801
0 0.266109 0.246060 0.037371 0.061801
0 0.218429 0.243771 0.037371 0.061801
0 0.173325 0.241482 0.037371 0.061801
0 0.128222 0.243771 0.037371 0.061801
0 0.083119 0.241482 0.037371 0.061801
0 0.084407 0.326174 0.037371 0.061801
0 0.126933 0.328463 0.037371 0.061801
0 0.173325 0.335330 0.037371 0.061801
0 0.222295 0.323885 0.037371 0.061801
0 0.264821 0.328463 0.037371 0.061801
0 0.311213 0.323885 0.037371 0.061801
0 0.355027 0.323885 0.037371 0.061801
0 0.400131 0.328463 0.037371 0.061801
0 0.446523 0.326174 0.037371 0.061801
0 0.489049 0.323885 0.037371 0.061801
0 0.536730 0.330752 0.037371 0.061801
0 0.581833 0.323885 0.037371 0.061801
0 0.628225 0.159080 0.037371 0.061801
0 0.629514 0.243771 0.037371 0.061801
0 0.626936 0.326174 0.037371 0.061801
0 0.673328 0.156791 0.037371 0.061801
0 0.673328 0.243771 0.037371 0.061801
0 0.672040 0.321596 0.037371 0.061801
0 0.717143 0.154502 0.037371 0.061801
0 0.717143 0.246060 0.037371 0.061801
0 0.718432 0.326174 0.037371 0.061801
0 0.764824 0.161369 0.037371 0.061801
0 0.767401 0.239193 0.037371 0.061801
0 0.767401 0.319307 0.037371 0.061801
0 0.812504 0.156791 0.037371 0.061801
0 0.855030 0.159080 0.037371 0.061801
0 0.900134 0.156791 0.037371 0.061801
0 0.811216 0.243771 0.037371 0.061801
0 0.856319 0.243771 0.037371 0.061801
0 0.900134 0.243771 0.037371 0.061801
0 0.809927 0.323885 0.037371 0.061801
0 0.856319 0.323885 0.037371 0.061801
0 0.902711 0.319307 0.037371 0.061801
0 0.670751 0.410866 0.037371 0.061801
0 0.715854 0.406288 0.037371 0.061801
0 0.764824 0.408577 0.037371 0.061801
0 0.808638 0.403999 0.037371 0.061801
0 0.857608 0.401710 0.037371 0.061801
0 0.897556 0.399421 0.037371 0.061801
0 0.897556 0.481824 0.037371 0.061801
0 0.856319 0.484113 0.037371 0.061801
0 0.813793 0.486402 0.037371 0.061801
0 0.766112 0.493268 0.037371 0.061801
0 0.718432 0.490979 0.037371 0.061801
0 0.673328 0.490979 0.037371 0.061801
0 0.628225 0.573382 0.037371 0.061801
0 0.580544 0.406288 0.037371 0.061801
0 0.628225 0.490979 0.037371 0.061801
0 0.536730 0.410866 0.037371 0.061801
0 0.626936 0.406288 0.037371 0.061801
0 0.490338 0.410866 0.037371 0.061801
0 0.403997 0.410866 0.037371 0.061801
0 0.445234 0.410866 0.037371 0.061801
0 0.358893 0.413155 0.037371 0.061801
0 0.312501 0.410866 0.037371 0.061801
0 0.267398 0.415444 0.037371 0.061801
0 0.218429 0.410866 0.037371 0.061801
0 0.177191 0.415444 0.037371 0.061801
0 0.130799 0.406288 0.037371 0.061801
0 0.088273 0.406288 0.037371 0.061801
0 0.583122 0.488691 0.037371 0.061801
0 0.539307 0.490979 0.037371 0.061801
0 0.491626 0.495557 0.037371 0.061801
0 0.449100 0.490979 0.037371 0.061801
0 0.403997 0.493268 0.037371 0.061801
0 0.358893 0.490979 0.037371 0.061801
0 0.315079 0.495557 0.037371 0.061801
0 0.268687 0.490979 0.037371 0.061801
0 0.221006 0.490979 0.037371 0.061801
0 0.177191 0.490979 0.037371 0.061801
0 0.129511 0.495557 0.037371 0.061801
0 0.083119 0.495557 0.037371 0.061801
0 0.086985 0.573382 0.037371 0.061801
0 0.130799 0.577960 0.037371 0.061801
0 0.178480 0.580249 0.037371 0.061801
0 0.223583 0.575671 0.037371 0.061801
0 0.268687 0.577960 0.037371 0.061801
0 0.316367 0.573382 0.037371 0.061801
0 0.361471 0.571093 0.037371 0.061801
0 0.403997 0.573382 0.037371 0.061801
0 0.449100 0.580249 0.037371 0.061801
0 0.495492 0.575671 0.037371 0.061801
0 0.535441 0.575671 0.037371 0.061801
0 0.584410 0.580249 0.037371 0.061801
0 0.674617 0.566515 0.037371 0.061801
0 0.719720 0.575671 0.037371 0.061801
0 0.764824 0.571093 0.037371 0.061801
0 0.811216 0.568804 0.037371 0.061801
0 0.856319 0.575671 0.037371 0.061801
0 0.902711 0.573382 0.037371 0.061801
0 0.901422 0.653496 0.037371 0.061801
0 0.857608 0.655785 0.037371 0.061801
0 0.811216 0.653496 0.037371 0.061801
0 0.763535 0.655785 0.037371 0.061801
0 0.718432 0.655785 0.037371 0.061801
0 0.672040 0.651207 0.037371 0.061801
0 0.628225 0.651207 0.037371 0.061801
0 0.580544 0.653496 0.037371 0.061801
0 0.538018 0.646629 0.037371 0.061801
0 0.494204 0.655785 0.037371 0.061801
0 0.449100 0.655785 0.037371 0.061801
0 0.402708 0.655785 0.037371 0.061801
0 0.360182 0.655785 0.037371 0.061801
0 0.315079 0.653496 0.037371 0.061801
0 0.267398 0.653496 0.037371 0.061801
0 0.224872 0.658074 0.037371 0.061801
0 0.179769 0.660363 0.037371 0.061801
0 0.130799 0.660363 0.037371 0.061801
0 0.089562 0.658074 0.037371 0.061801
0 0.088273 0.745055 0.037371 0.061801
0 0.132088 0.738188 0.037371 0.061801
0 0.177191 0.740477 0.037371 0.061801
0 0.221006 0.738188 0.037371 0.061801
0 0.269975 0.733610 0.037371 0.061801
0 0.315079 0.738188 0.037371 0.061801
0 0.361471 0.738188 0.037371 0.061801
0 0.407863 0.740477 0.037371 0.061801
0 0.452966 0.733610 0.037371 0.061801
0 0.494204 0.735899 0.037371 0.061801
0 0.540596 0.738188 0.037371 0.061801
0 0.581833 0.738188 0.037371 0.061801
0 0.628225 0.733610 0.037371 0.061801
0 0.900134 0.731321 0.037371 0.061801
0 0.856319 0.731321 0.037371 0.061801
0 0.804772 0.729032 0.037371 0.061801
0 0.762246 0.733610 0.037371 0.061801
0 0.717143 0.735899 0.037371 0.061801
0 0.672040 0.731321 0.037371 0.061801
0 0.900134 0.809146 0.037371 0.061801
0 0.852453 0.816012 0.037371 0.061801
0 0.807350 0.818301 0.037371 0.061801
0 0.762246 0.818301 0.037371 0.061801
0 0.721009 0.816012 0.037371 0.061801
0 0.674617 0.820590 0.037371 0.061801
0 0.628225 0.813724 0.037371 0.061801
0 0.581833 0.822879 0.037371 0.061801
0 0.536730 0.820590 0.037371 0.061801
0 0.495492 0.816012 0.037371 0.061801
0 0.449100 0.813724 0.037371 0.061801
0 0.407863 0.811435 0.037371 0.061801
0 0.360182 0.813724 0.037371 0.061801
0 0.318945 0.818301 0.037371 0.061801
0 0.271264 0.816012 0.037371 0.061801
0 0.226161 0.822879 0.037371 0.061801
0 0.178480 0.820590 0.037371 0.061801
0 0.133377 0.818301 0.037371 0.061801
0 0.090851 0.827457 0.037371 0.061801