0 0.072165 0.165946 0.038660 0.070956
0 0.119846 0.165946 0.038660 0.070956
0 0.167526 0.159080 0.038660 0.070956
0 0.213918 0.163657 0.038660 0.070956
0 0.262888 0.163657 0.038660 0.070956
0 0.307991 0.163657 0.038660 0.070956
0 0.356960 0.161368 0.038660 0.070956
0 0.405930 0.161368 0.038660 0.070956
0 0.449745 0.159080 0.038660 0.070956
0 0.493559 0.156791 0.038660 0.070956
0 0.547683 0.156791 0.038660 0.070956
0 0.596653 0.239193 0.038660 0.070956
0 0.640467 0.154502 0.038660 0.070956
0 0.688148 0.156791 0.038660 0.070956
0 0.733251 0.152213 0.038660 0.070956
0 0.787375 0.149924 0.038660 0.070956
0 0.832479 0.152213 0.038660 0.070956
0 0.880159 0.149924 0.038660 0.070956
0 0.927840 0.152213 0.038660 0.070956
0 0.073454 0.255216 0.038660 0.070956
0 0.121134 0.255216 0.038660 0.070956
0 0.168815 0.248349 0.038660 0.070956
0 0.215207 0.252927 0.038660 0.070956
0 0.264176 0.255216 0.038660 0.070956
0 0.309280 0.252927 0.038660 0.070956
0 0.358249 0.250638 0.038660 0.070956
0 0.407218 0.250638 0.038660 0.070956
0 0.451033 0.248349 0.038660 0.070956
0 0.494848 0.246060 0.038660 0.070956
0 0.548972 0.246060 0.038660 0.070956
0 0.643045 0.241482 0.038660 0.070956
0 0.689437 0.246060 0.038660 0.070956
0 0.734540 0.241482 0.038660 0.070956
0 0.788664 0.239193 0.038660 0.070956
0 0.833767 0.241482 0.038660 0.070956
0 0.881448 0.239193 0.038660 0.070956
0 0.930418 0.239193 0.038660 0.070956
0 0.592787 0.330752 0.038660 0.070956
0 0.073454 0.342197 0.038660 0.070956
0 0.121134 0.342197 0.038660 0.070956
0 0.168815 0.335330 0.038660 0.070956
0 0.215207 0.339908 0.038660 0.070956
0 0.264176 0.342197 0.038660 0.070956
0 0.309280 0.339908 0.038660 0.070956
0 0.358249 0.337619 0.038660 0.070956
0 0.407218 0.337619 0.038660 0.070956
0 0.451033 0.335330 0.038660 0.070956
0 0.494848 0.333041 0.038660 0.070956
0 0.545106 0.333041 0.038660 0.070956
0 0.643045 0.328463 0.038660 0.070956
0 0.689437 0.333041 0.038660 0.070956
0 0.734540 0.328463 0.038660 0.070956
0 0.788664 0.326174 0.038660 0.070956
0 0.833767 0.328463 0.038660 0.070956
0 0.881448 0.326174 0.038660 0.070956
0 0.929129 0.323885 0.038660 0.070956
0 0.588921 0.154502 0.038660 0.070956
0 0.077320 0.680963 0.038660 0.070956
0 0.123712 0.680963 0.038660 0.070956
0 0.168815 0.674097 0.038660 0.070956
0 0.215207 0.678675 0.038660 0.070956
0 0.264176 0.678675 0.038660 0.070956
0 0.309280 0.678675 0.038660 0.070956
0 0.358249 0.676386 0.038660 0.070956
0 0.407218 0.676386 0.038660 0.070956
0 0.451033 0.674097 0.038660 0.070956
0 0.494848 0.671808 0.038660 0.070956
0 0.548972 0.671808 0.038660 0.070956
0 0.597941 0.754210 0.038660 0.070956
0 0.641756 0.669519 0.038660 0.070956
0 0.689437 0.671808 0.038660 0.070956
0 0.734540 0.674097 0.038660 0.070956
0 0.784798 0.669519 0.038660 0.070956
0 0.833767 0.667230 0.038660 0.070956
0 0.881448 0.664941 0.038660 0.070956
0 0.927840 0.660363 0.038660 0.070956
0 0.079897 0.767944 0.038660 0.070956
0 0.127578 0.767944 0.038660 0.070956
0 0.170104 0.763366 0.038660 0.070956
0 0.216496 0.767944 0.038660 0.070956
0 0.265465 0.770233 0.038660 0.070956
0 0.310568 0.767944 0.038660 0.070956
0 0.359538 0.765655 0.038660 0.070956
0 0.408507 0.765655 0.038660 0.070956
0 0.452322 0.763366 0.038660 0.070956
0 0.496137 0.761077 0.038660 0.070956
0 0.550261 0.761077 0.038660 0.070956
0 0.644333 0.756499 0.038660 0.070956
0 0.690725 0.761077 0.038660 0.070956
0 0.735829 0.756499 0.038660 0.070956
0 0.789953 0.754210 0.038660 0.070956
0 0.835056 0.756499 0.038660 0.070956
0 0.882737 0.754210 0.038660 0.070956
0 0.931706 0.754210 0.038660 0.070956
0 0.597941 0.841191 0.038660 0.070956
0 0.079897 0.852636 0.038660 0.070956
0 0.125000 0.850347 0.038660 0.070956
0 0.170104 0.850347 0.038660 0.070956
0 0.216496 0.854925 0.038660 0.070956
0 0.265465 0.857214 0.038660 0.070956
0 0.310568 0.854925 0.038660 0.070956
0 0.359538 0.852636 0.038660 0.070956
0 0.408507 0.852636 0.038660 0.070956
0 0.452322 0.850347 0.038660 0.070956
0 0.501291 0.843480 0.038660 0.070956
0 0.550261 0.848058 0.038660 0.070956
0 0.644333 0.843480 0.038660 0.070956
0 0.690725 0.848058 0.038660 0.070956
0 0.739695 0.843480 0.038660 0.070956
0 0.789953 0.841191 0.038660 0.070956
0 0.833767 0.841191 0.038660 0.070956
0 0.882737 0.841191 0.038660 0.070956
0 0.931706 0.841191 0.038660 0.070956
0 0.590209 0.669519 0.038660 0.070956
0 0.078608 0.600850 0.038660 0.070956
0 0.123712 0.596272 0.038660 0.070956
0 0.170104 0.591694 0.038660 0.070956
0 0.217784 0.591694 0.038660 0.070956
0 0.266754 0.589405 0.038660 0.070956
0 0.311857 0.591694 0.038660 0.070956
0 0.355672 0.593983 0.038660 0.070956
0 0.403352 0.593983 0.038660 0.070956
0 0.451033 0.587116 0.038660 0.070956
0 0.496137 0.584827 0.038660 0.070956
0 0.547683 0.589405 0.038660 0.070956
0 0.639179 0.584827 0.038660 0.070956
0 0.690725 0.584827 0.038660 0.070956
0 0.737117 0.587116 0.038660 0.070956
0 0.784798 0.580249 0.038660 0.070956
0 0.835056 0.589405 0.038660 0.070956
0 0.878871 0.584827 0.038660 0.070956
0 0.930418 0.584827 0.038660 0.070956
0 0.596653 0.587116 0.038660 0.070956
0 0.594075 0.420022 0.038660 0.070956
0 0.077320 0.426888 0.038660 0.070956
0 0.121134 0.420022 0.038660 0.070956
0 0.168815 0.417733 0.038660 0.070956
0 0.212630 0.424599 0.038660 0.070956
0 0.261599 0.420022 0.038660 0.070956
0 0.313146 0.424599 0.038660 0.070956
0 0.358249 0.422310 0.038660 0.070956
0 0.405930 0.420022 0.038660 0.070956
0 0.453611 0.420022 0.038660 0.070956
0 0.494848 0.420022 0.038660 0.070956
0 0.543817 0.415444 0.038660 0.070956
0 0.639179 0.410866 0.038660 0.070956
0 0.689437 0.415444 0.038660 0.070956
0 0.738406 0.415444 0.038660 0.070956
0 0.783509 0.413155 0.038660 0.070956
0 0.832479 0.410866 0.038660 0.070956
0 0.878871 0.410866 0.038660 0.070956
0 0.930418 0.406288 0.038660 0.070956
0 0.929129 0.500135 0.038660 0.070956
0 0.880159 0.497846 0.038660 0.070956
0 0.833767 0.493268 0.038660 0.070956
0 0.786087 0.497846 0.038660 0.070956
0 0.735829 0.497846 0.038660 0.070956
0 0.689437 0.493268 0.038660 0.070956
0 0.636601 0.497846 0.038660 0.070956
0 0.592787 0.502424 0.038660 0.070956
0 0.545106 0.502424 0.038660 0.070956
0 0.496137 0.500135 0.038660 0.070956
0 0.451033 0.502424 0.038660 0.070956
0 0.404641 0.507002 0.038660 0.070956
0 0.360826 0.504713 0.038660 0.070956
0 0.310568 0.507002 0.038660 0.070956
0 0.265465 0.507002 0.038660 0.070956
0 0.219073 0.507002 0.038660 0.070956
0 0.170104 0.509291 0.038660 0.070956
0 0.122423 0.511580 0.038660 0.070956
0 0.078608 0.504713 0.038660 0.070956