0 0.087629 0.148780 0.036082 0.064090
0 0.132732 0.148780 0.036082 0.064090
0 0.176547 0.151068 0.036082 0.064090
0 0.222939 0.151068 0.036082 0.064090
0 0.269331 0.153357 0.036082 0.064090
0 0.087629 0.231182 0.036082 0.064090
0 0.134021 0.233471 0.036082 0.064090
0 0.179124 0.235760 0.036082 0.064090
0 0.225516 0.231182 0.036082 0.064090
0 0.269331 0.231182 0.036082 0.064090
0 0.315723 0.153357 0.036082 0.064090
0 0.314434 0.231182 0.036082 0.064090
0 0.087629 0.313585 0.036082 0.064090
0 0.132732 0.315874 0.036082 0.064090
0 0.180413 0.318163 0.036082 0.064090
0 0.222939 0.313585 0.036082 0.064090
0 0.271908 0.318163 0.036082 0.064090
0 0.317012 0.313585 0.036082 0.064090
0 0.314434 0.400566 0.036082 0.064090
0 0.362115 0.315874 0.036082 0.064090
0 0.362115 0.400566 0.036082 0.064090
0 0.270620 0.400566 0.036082 0.064090
0 0.224228 0.398277 0.036082 0.064090
0 0.180413 0.398277 0.036082 0.064090
0 0.134021 0.395988 0.036082 0.064090
0 0.091495 0.398277 0.036082 0.064090
0 0.362115 0.485257 0.036082 0.064090
0 0.315723 0.482968 0.036082 0.064090
0 0.270620 0.485257 0.036082 0.064090
0 0.362115 0.235760 0.036082 0.064090
0 0.362115 0.153357 0.036082 0.064090
0 0.222939 0.482968 0.036082 0.064090
0 0.179124 0.478390 0.036082 0.064090
0 0.131444 0.476101 0.036082 0.064090
0 0.086340 0.482968 0.036082 0.064090
0 0.086340 0.560793 0.036082 0.064090
0 0.132732 0.565371 0.036082 0.064090
0 0.175258 0.563082 0.036082 0.064090
0 0.222939 0.565371 0.036082 0.064090
0 0.268042 0.565371 0.036082 0.064090
0 0.315723 0.569949 0.036082 0.064090
0 0.362115 0.563082 0.036082 0.064090
0 0.086340 0.645485 0.036082 0.064090
0 0.132732 0.647774 0.036082 0.064090
0 0.179124 0.645485 0.036082 0.064090
0 0.224228 0.650063 0.036082 0.064090
0 0.270620 0.650063 0.036082 0.064090
0 0.313146 0.645485 0.036082 0.064090
0 0.359538 0.654641 0.036082 0.064090
0 0.088918 0.727888 0.036082 0.064090
0 0.131444 0.732466 0.036082 0.064090
0 0.180413 0.730177 0.036082 0.064090
0 0.222939 0.732466 0.036082 0.064090
0 0.270620 0.732466 0.036082 0.064090
0 0.314434 0.732466 0.036082 0.064090
0 0.358249 0.734754 0.036082 0.064090
0 0.085052 0.817157 0.036082 0.064090
0 0.132732 0.817157 0.036082 0.064090
0 0.177836 0.819446 0.036082 0.064090
0 0.224228 0.817157 0.036082 0.064090
0 0.268042 0.817157 0.036082 0.064090
0 0.314434 0.821735 0.036082 0.064090
0 0.360826 0.814868 0.036082 0.064090
0 0.405930 0.153357 0.036082 0.064090
0 0.407218 0.238049 0.036082 0.064090
0 0.409796 0.325030 0.036082 0.064090
0 0.404641 0.398277 0.036082 0.064090
0 0.408507 0.485257 0.036082 0.064090
0 0.408507 0.565371 0.036082 0.064090
0 0.408507 0.654641 0.036082 0.064090
0 0.409796 0.734754 0.036082 0.064090
0 0.407218 0.819446 0.036082 0.064090
0 0.451033 0.155646 0.036082 0.064090
0 0.452322 0.238049 0.036082 0.064090
0 0.452322 0.318163 0.036082 0.064090
0 0.451033 0.405144 0.036082 0.064090
0 0.453610 0.485257 0.036082 0.064090
0 0.454899 0.572238 0.036082 0.064090
0 0.454899 0.650063 0.036082 0.064090
0 0.454899 0.734754 0.036082 0.064090
0 0.452322 0.821735 0.036082 0.064090
0 0.497425 0.148780 0.036082 0.064090
0 0.497425 0.238049 0.036082 0.064090
0 0.498714 0.313585 0.036082 0.064090
0 0.500002 0.405144 0.036082 0.064090
0 0.497425 0.482968 0.036082 0.064090
0 0.498714 0.565371 0.036082 0.064090
0 0.497425 0.647774 0.036082 0.064090
0 0.500002 0.737043 0.036082 0.064090
0 0.498714 0.817157 0.036082 0.064090
0 0.543817 0.814868 0.036082 0.064090
0 0.545106 0.739332 0.036082 0.064090
0 0.541240 0.654641 0.036082 0.064090
0 0.545106 0.569949 0.036082 0.064090
0 0.545106 0.487546 0.036082 0.064090
0 0.546394 0.405144 0.036082 0.064090
0 0.541240 0.322741 0.036082 0.064090
0 0.543817 0.240338 0.036082 0.064090
0 0.544449 0.156336 0.036087 0.065662
0 0.590218 0.156336 0.036087 0.065662
0 0.590218 0.240759 0.036087 0.065662
0 0.591098 0.315802 0.036087 0.065662
0 0.590218 0.403352 0.036087 0.065662
0 0.590218 0.489339 0.036087 0.065662
0 0.588458 0.573762 0.036087 0.065662
0 0.586697 0.653495 0.036087 0.065662
0 0.588458 0.737918 0.036087 0.065662
0 0.586697 0.817651 0.036087 0.065662
0 0.635107 0.819215 0.036087 0.065662
0 0.635987 0.739482 0.036087 0.065662
0 0.635987 0.662876 0.036087 0.065662
0 0.635107 0.565945 0.036087 0.065662
0 0.635107 0.489339 0.036087 0.065662
0 0.636867 0.403352 0.036087 0.065662
0 0.634227 0.312675 0.036087 0.065662
0 0.636867 0.151646 0.036087 0.065662
0 0.634227 0.236069 0.036087 0.065662
0 0.680876 0.150082 0.036087 0.065662
0 0.682637 0.236069 0.036087 0.065662
0 0.679996 0.315802 0.036087 0.065662
0 0.679996 0.401789 0.036087 0.065662
0 0.681756 0.486212 0.036087 0.065662
0 0.682637 0.567508 0.036087 0.065662
0 0.683693 0.653964 0.036087 0.065662
0 0.681756 0.734792 0.036087 0.065662
0 0.729198 0.150082 0.036087 0.065662
0 0.727262 0.237789 0.036087 0.065662
0 0.729198 0.318616 0.036087 0.065662
0 0.727262 0.401163 0.036087 0.065662
0 0.725325 0.488870 0.036087 0.065662
0 0.727262 0.569697 0.036087 0.065662
0 0.727262 0.650525 0.036087 0.065662
0 0.680788 0.822498 0.036087 0.065662
0 0.776639 0.827657 0.036087 0.065662
0 0.729391 0.822250 0.035823 0.058471
0 0.726971 0.737983 0.036791 0.061910
0 0.775865 0.738843 0.039696 0.067069
0 0.774412 0.653716 0.040664 0.061910
0 0.776349 0.569449 0.036791 0.061910
0 0.821176 0.824218 0.036087 0.065662
0 0.870554 0.822498 0.036087 0.065662
0 0.915091 0.827657 0.036087 0.065662
0 0.821176 0.736511 0.036087 0.065662
0 0.869586 0.743390 0.036087 0.065662
0 0.917028 0.739951 0.036087 0.065662
0 0.917028 0.652244 0.036087 0.065662
0 0.868618 0.659123 0.036087 0.065662
0 0.820208 0.652244 0.036087 0.065662
0 0.917996 0.567978 0.036087 0.065662
0 0.869295 0.569449 0.036791 0.061910
0 0.821854 0.574608 0.036791 0.061910
0 0.774412 0.488621 0.036791 0.061910
0 0.821854 0.480023 0.036791 0.061910
0 0.870264 0.483462 0.036791 0.061910
0 0.916737 0.486902 0.036791 0.061910
0 0.774412 0.400915 0.036791 0.061910
0 0.821854 0.402635 0.036791 0.061910
0 0.867359 0.402635 0.036791 0.061910
0 0.913832 0.399195 0.036791 0.061910
0 0.774412 0.320087 0.036791 0.061910
0 0.821176 0.318616 0.036087 0.065662
0 0.868327 0.318368 0.036791 0.061910
0 0.914801 0.321807 0.036791 0.061910
0 0.776639 0.237789 0.036087 0.065662
0 0.773735 0.150082 0.036087 0.065662
0 0.822145 0.146643 0.036087 0.065662
0 0.821176 0.236069 0.036087 0.065662
0 0.867650 0.146643 0.036087 0.065662
0 0.917028 0.148363 0.036087 0.065662
0 0.867650 0.236069 0.036087 0.065662
0 0.914123 0.232630 0.036087 0.065662