0 0.145961 0.323158 0.030658 0.046210
0 0.191283 0.326713 0.030658 0.046210
0 0.236604 0.324936 0.030658 0.046210
0 0.273928 0.332045 0.030658 0.046210
0 0.320582 0.330267 0.030658 0.046210
0 0.361905 0.332045 0.030658 0.046210
0 0.408559 0.333822 0.030658 0.046210
0 0.443217 0.335599 0.030658 0.046210
0 0.492537 0.337377 0.030658 0.046210
0 0.531194 0.337377 0.030658 0.046210
0 0.572517 0.335599 0.030658 0.046210
0 0.615172 0.335599 0.030658 0.046210
0 0.660494 0.332045 0.030658 0.046210
0 0.703149 0.333822 0.030658 0.046210
0 0.743139 0.332045 0.030658 0.046210
0 0.785794 0.337377 0.030658 0.046210
0 0.828450 0.337377 0.030658 0.046210
0 0.871105 0.335599 0.030658 0.046210
0 0.911095 0.335599 0.030658 0.046210
0 0.143295 0.383587 0.030658 0.046210
0 0.185951 0.383587 0.030658 0.046210
0 0.229718 0.385364 0.033768 0.046210
0 0.274328 0.388919 0.032524 0.046210
0 0.318316 0.383587 0.032524 0.046210
0 0.362437 0.388919 0.034390 0.046210
0 0.404739 0.387141 0.035633 0.046210
0 0.446683 0.390696 0.034390 0.046210
0 0.490361 0.388919 0.035011 0.046210
0 0.531194 0.390696 0.030658 0.046210
0 0.575183 0.390934 0.030658 0.046210
0 0.619171 0.392473 0.030658 0.046210
0 0.661827 0.388919 0.030658 0.046210
0 0.703860 0.390696 0.034390 0.046210
0 0.749804 0.390696 0.030658 0.046210
0 0.790726 0.390696 0.032524 0.046210
0 0.833249 0.390696 0.034390 0.046210
0 0.877459 0.388327 0.036255 0.046210
0 0.919093 0.394250 0.030658 0.046210
0 0.137963 0.440460 0.030658 0.046210
0 0.183285 0.442238 0.030658 0.046210
0 0.227273 0.442238 0.030658 0.046210
0 0.272816 0.443600 0.033768 0.047039
0 0.315250 0.438683 0.030658 0.046210
0 0.361905 0.444015 0.030658 0.046210
0 0.404560 0.445792 0.030658 0.046210
0 0.447216 0.451124 0.030658 0.046210
0 0.489871 0.447570 0.030658 0.046210
0 0.532438 0.447098 0.034390 0.046210
0 0.575183 0.449347 0.030658 0.046210
0 0.619171 0.449347 0.030658 0.046210
0 0.662528 0.449347 0.032062 0.046210
0 0.707148 0.449347 0.030658 0.046210
0 0.749804 0.445792 0.030658 0.046210
0 0.793792 0.447570 0.030658 0.046210
0 0.836448 0.451124 0.030658 0.046210
0 0.879103 0.445792 0.030658 0.046210
0 0.924425 0.449347 0.030658 0.046210
0 0.134105 0.495557 0.036272 0.046210
0 0.180619 0.500889 0.030658 0.046210
0 0.222474 0.500474 0.034390 0.047039
0 0.269929 0.502666 0.035990 0.046210
0 0.314584 0.504443 0.037323 0.046210
0 0.359239 0.499111 0.030658 0.046210
0 0.404560 0.499111 0.030658 0.046210
0 0.448549 0.502666 0.030658 0.046210
0 0.489205 0.502666 0.034657 0.046210
0 0.530394 0.502961 0.034390 0.042064
0 0.577981 0.507583 0.036255 0.047039
0 0.620193 0.506221 0.031280 0.046210
0 0.663960 0.505391 0.034390 0.046210
0 0.708303 0.504443 0.035633 0.046210
0 0.751937 0.502666 0.034390 0.046210
0 0.797480 0.506221 0.031280 0.046210
0 0.843424 0.505863 0.033768 0.046210
0 0.885990 0.504443 0.033768 0.046210
0 0.931090 0.500889 0.030658 0.046210
0 0.129404 0.555985 0.034869 0.046210
0 0.172621 0.557762 0.030658 0.046210
0 0.223274 0.561317 0.030658 0.046210
0 0.265930 0.557762 0.030658 0.046210
0 0.311251 0.561317 0.030658 0.046210
0 0.353907 0.561317 0.030658 0.046210
0 0.397895 0.561317 0.030658 0.046210
0 0.443217 0.561317 0.030658 0.046210
0 0.487205 0.558058 0.030658 0.050356
0 0.532527 0.559540 0.030658 0.046210
0 0.576513 0.561317 0.030659 0.039101
0 0.622609 0.563094 0.034869 0.046210
0 0.668492 0.561317 0.030658 0.046210
0 0.708481 0.563094 0.030658 0.046210
0 0.754424 0.563923 0.034390 0.046210
0 0.800235 0.563094 0.033768 0.046210
0 0.844224 0.563094 0.033768 0.046210
0 0.889546 0.564872 0.033768 0.046210
0 0.939088 0.561317 0.030658 0.046210
0 0.123159 0.618191 0.036272 0.046210
0 0.169352 0.621745 0.037451 0.046210
0 0.219097 0.619968 0.035633 0.046210
0 0.264418 0.622693 0.035633 0.047868
0 0.306098 0.621626 0.035633 0.049526
0 0.354218 0.622279 0.035011 0.048697
0 0.400509 0.621212 0.036772 0.048697
0 0.443096 0.622989 0.032904 0.048697
0 0.487716 0.624352 0.037636 0.047868
0 0.532858 0.623081 0.032661 0.048881
0 0.579179 0.626193 0.030659 0.044442
0 0.624665 0.625300 0.035666 0.046210
0 0.666728 0.626635 0.035666 0.046210
0 0.711795 0.626635 0.035666 0.046210
0 0.758865 0.625300 0.035666 0.046210
0 0.803932 0.623965 0.035666 0.046210
0 0.851002 0.629306 0.035666 0.046210
0 0.896070 0.625300 0.035666 0.046210
0 0.942138 0.623965 0.035666 0.046210
0 0.945143 0.684054 0.035666 0.046210
0 0.898073 0.688060 0.035666 0.046210
0 0.855008 0.688060 0.035666 0.046210
0 0.808940 0.686724 0.035666 0.046210
0 0.760868 0.681383 0.035666 0.046210
0 0.715801 0.685389 0.035666 0.046210
0 0.668731 0.685389 0.035666 0.046210
0 0.625667 0.683386 0.035666 0.050216
0 0.117826 0.682750 0.037676 0.051824
0 0.163023 0.683497 0.034055 0.046210
0 0.214465 0.681720 0.035633 0.046210
0 0.259787 0.684445 0.035633 0.047868
0 0.301467 0.683378 0.035633 0.049526
0 0.349586 0.684031 0.035011 0.048697
0 0.395878 0.682964 0.036772 0.048697
0 0.441973 0.684741 0.037114 0.048697
0 0.491505 0.687975 0.037636 0.047868
0 0.533841 0.684833 0.032661 0.048881
0 0.576245 0.687945 0.034055 0.044442
0 0.113616 0.748076 0.030658 0.046210
0 0.159549 0.749366 0.032357 0.046210
0 0.206746 0.747589 0.035633 0.046210
0 0.252068 0.750314 0.035633 0.047868
0 0.300540 0.749247 0.035633 0.049526
0 0.348660 0.749900 0.035011 0.048697
0 0.394951 0.748832 0.036772 0.048697
0 0.440935 0.750610 0.032904 0.048697
0 0.485554 0.751972 0.037636 0.047868
0 0.532395 0.750701 0.032661 0.048881
0 0.578716 0.749285 0.034055 0.044442
0 0.945143 0.751981 0.035666 0.046210
0 0.906493 0.754116 0.035666 0.046210
0 0.860622 0.748502 0.035666 0.046210
0 0.814554 0.754651 0.035666 0.046210
0 0.769289 0.754924 0.035666 0.046210
0 0.722818 0.749574 0.035666 0.046210
0 0.672941 0.753316 0.035666 0.046210
0 0.625667 0.751313 0.035666 0.050216
0 0.958728 0.815379 0.035666 0.046210
0 0.913581 0.816429 0.035666 0.046210
0 0.861801 0.816036 0.035666 0.046210
0 0.817431 0.815786 0.035666 0.046210
0 0.767661 0.819502 0.035666 0.046210
0 0.720896 0.817894 0.035666 0.046210
0 0.671608 0.817501 0.035666 0.046210
0 0.627365 0.814712 0.035666 0.050216
0 0.101042 0.760387 0.011887 0.002264
0 0.108227 0.812410 0.036272 0.048081
0 0.155563 0.815571 0.037970 0.051824
0 0.199954 0.814730 0.035633 0.053695
0 0.252292 0.813713 0.035633 0.047868
0 0.293748 0.812645 0.035633 0.049526
0 0.344674 0.815169 0.035011 0.056182
0 0.390966 0.819716 0.036772 0.048697
0 0.439756 0.817751 0.032904 0.048697
0 0.485779 0.815371 0.037636 0.047868
0 0.531216 0.814100 0.032661 0.048881
0 0.580414 0.812684 0.034055 0.044442