0 0.094877 0.203881 0.031901 0.054565
0 0.137413 0.210177 0.031901 0.054565
0 0.096059 0.283630 0.031901 0.054565
0 0.140957 0.285728 0.031901 0.054565
0 0.099604 0.367576 0.031901 0.054565
0 0.142139 0.363378 0.031901 0.054565
0 0.179948 0.205980 0.031901 0.054565
0 0.182311 0.285728 0.031901 0.054565
0 0.184674 0.363378 0.031901 0.054565
0 0.097240 0.447324 0.031901 0.054565
0 0.142139 0.445225 0.031901 0.054565
0 0.185856 0.449423 0.031901 0.054565
0 0.100785 0.527073 0.031901 0.054565
0 0.143320 0.533368 0.031901 0.054565
0 0.188219 0.522875 0.031901 0.054565
0 0.101967 0.606821 0.031901 0.054565
0 0.144502 0.600525 0.031901 0.054565
0 0.189400 0.602624 0.031901 0.054565
0 0.104330 0.682372 0.031901 0.054565
0 0.146865 0.684471 0.031901 0.054565
0 0.190582 0.682372 0.031901 0.054565
0 0.104330 0.762121 0.031901 0.054565
0 0.146865 0.760022 0.031901 0.054565
0 0.190582 0.768417 0.031901 0.054565
0 0.103148 0.846067 0.031901 0.054565
0 0.148047 0.837672 0.031901 0.054565
0 0.190582 0.837672 0.031901 0.054565
0 0.225405 0.201088 0.031901 0.054565
0 0.267941 0.207384 0.031901 0.054565
0 0.226587 0.283630 0.031901 0.054565
0 0.271485 0.282935 0.031901 0.054565
0 0.229345 0.364782 0.033474 0.054565
0 0.272667 0.360585 0.031901 0.054565
0 0.310476 0.203187 0.031901 0.054565
0 0.312839 0.282935 0.031901 0.054565
0 0.315202 0.366172 0.031901 0.065738
0 0.227768 0.444531 0.031901 0.054565
0 0.272667 0.442432 0.031901 0.054565
0 0.316384 0.446629 0.031901 0.054565
0 0.231313 0.524279 0.031901 0.054565
0 0.272276 0.522195 0.031901 0.054565
0 0.318747 0.520082 0.031901 0.054565
0 0.232495 0.604028 0.031901 0.054565
0 0.275030 0.599128 0.031901 0.057358
0 0.319142 0.601227 0.033474 0.057358
0 0.234858 0.679579 0.031901 0.054565
0 0.277393 0.681678 0.031901 0.054565
0 0.318751 0.682372 0.036619 0.060151
0 0.231712 0.767707 0.031901 0.054565
0 0.275820 0.768402 0.031901 0.054565
0 0.321110 0.765623 0.031901 0.054565
0 0.233676 0.843273 0.031901 0.054565
0 0.277002 0.843259 0.031901 0.054565
0 0.321110 0.843259 0.031901 0.054565
0 0.357506 0.198853 0.031901 0.061269
0 0.489681 0.198080 0.031901 0.064062
0 0.358687 0.275250 0.031901 0.054565
0 0.403586 0.277348 0.031901 0.054565
0 0.362232 0.359196 0.031901 0.054565
0 0.404767 0.356395 0.031901 0.057358
0 0.442577 0.197600 0.031901 0.054565
0 0.444940 0.277348 0.031901 0.054565
0 0.447303 0.359188 0.031901 0.062945
0 0.359869 0.438944 0.031901 0.054565
0 0.404767 0.436845 0.031901 0.054565
0 0.448484 0.441043 0.031901 0.054565
0 0.363414 0.518693 0.031901 0.054565
0 0.405949 0.524989 0.031901 0.054565
0 0.450847 0.514495 0.031901 0.054565
0 0.363023 0.598441 0.031901 0.054565
0 0.407130 0.592145 0.031901 0.054565
0 0.452029 0.594244 0.031901 0.054565
0 0.363813 0.682372 0.031901 0.054565
0 0.406348 0.681678 0.031901 0.054565
0 0.450065 0.676786 0.031901 0.054565
0 0.362240 0.762121 0.031901 0.054565
0 0.407921 0.762815 0.031901 0.054565
0 0.453210 0.760037 0.031901 0.054565
0 0.365777 0.837687 0.031901 0.054565
0 0.407530 0.840465 0.031901 0.054565
0 0.446920 0.840465 0.031901 0.054565
0 0.533640 0.198853 0.031901 0.066855
0 0.400041 0.200873 0.031901 0.047302
0 0.489215 0.289216 0.031901 0.054565
0 0.581293 0.199136 0.031901 0.054565
0 0.491187 0.363386 0.031901 0.062945
0 0.535295 0.360585 0.031901 0.054565
0 0.532216 0.281399 0.031901 0.054565
0 0.583331 0.282935 0.031901 0.054565
0 0.580976 0.357792 0.031901 0.054565
0 0.488824 0.438944 0.031901 0.054565
0 0.538441 0.439639 0.031901 0.054565
0 0.582157 0.443836 0.031901 0.054565
0 0.492369 0.518693 0.031901 0.054565
0 0.539622 0.516609 0.031901 0.054565
0 0.584521 0.517289 0.031901 0.054565
0 0.495123 0.598441 0.031901 0.054565
0 0.540804 0.600525 0.031901 0.054565
0 0.585702 0.597037 0.031901 0.054565
0 0.492768 0.682372 0.031901 0.054565
0 0.538449 0.684471 0.031901 0.054565
0 0.582166 0.679579 0.031901 0.054565
0 0.494341 0.756534 0.031901 0.054565
0 0.540021 0.762815 0.031901 0.054565
0 0.583738 0.754450 0.031901 0.054565
0 0.494732 0.840480 0.031901 0.054565
0 0.539630 0.843259 0.031901 0.054565
0 0.583738 0.846052 0.031901 0.054565
0 0.854547 0.765609 0.031901 0.054565
0 0.898263 0.765623 0.031901 0.054565
0 0.854156 0.843259 0.031901 0.054565
0 0.898263 0.846052 0.031901 0.054565
0 0.761762 0.762815 0.031901 0.054565
0 0.807051 0.762830 0.031901 0.054565
0 0.761371 0.843259 0.031901 0.054565
0 0.805479 0.846052 0.031901 0.054565
0 0.672122 0.760022 0.031901 0.054565
0 0.714266 0.760037 0.031901 0.054565
0 0.668586 0.846052 0.031901 0.054565
0 0.712694 0.848845 0.031901 0.054565
0 0.628089 0.762815 0.031901 0.054565
0 0.626125 0.843259 0.031901 0.054565
0 0.852974 0.600804 0.031901 0.054565
0 0.898263 0.598026 0.031901 0.054565
0 0.852583 0.681247 0.031901 0.054565
0 0.898263 0.684041 0.031901 0.054565
0 0.760189 0.600804 0.031901 0.054565
0 0.805479 0.598026 0.031901 0.054565
0 0.759798 0.681247 0.031901 0.054565
0 0.805479 0.684041 0.031901 0.054565
0 0.852974 0.433206 0.031901 0.054565
0 0.901409 0.433221 0.031901 0.054565
0 0.855728 0.516443 0.031901 0.054565
0 0.901409 0.519236 0.031901 0.054565
0 0.763334 0.436000 0.031901 0.054565
0 0.808624 0.433221 0.031901 0.054565
0 0.762943 0.516443 0.031901 0.054565
0 0.808624 0.519236 0.031901 0.054565
0 0.668977 0.600804 0.031901 0.054565
0 0.714266 0.598026 0.031901 0.054565
0 0.668586 0.681247 0.031901 0.054565
0 0.714266 0.684041 0.031901 0.054565
0 0.670549 0.438793 0.031901 0.054565
0 0.715839 0.436014 0.031901 0.054565
0 0.670158 0.519236 0.031901 0.054565
0 0.715839 0.522029 0.031901 0.054565
0 0.672122 0.276782 0.031901 0.054565
0 0.717412 0.274003 0.031901 0.054565
0 0.671731 0.357225 0.031901 0.054565
0 0.717412 0.360018 0.031901 0.054565
0 0.760189 0.273989 0.031901 0.054565
0 0.807051 0.274003 0.031901 0.054565
0 0.759798 0.357225 0.031901 0.054565
0 0.807051 0.354432 0.031901 0.054565
0 0.851401 0.268402 0.031901 0.054565
0 0.898263 0.268417 0.031901 0.054565
0 0.851010 0.351638 0.031901 0.054565
0 0.898263 0.351638 0.031901 0.054565
0 0.668977 0.195776 0.031901 0.054565
0 0.715839 0.192998 0.031901 0.054565
0 0.760189 0.190190 0.031901 0.054565
0 0.807051 0.190204 0.031901 0.054565
0 0.852974 0.190190 0.031901 0.054565
0 0.899836 0.187411 0.031901 0.054565
0 0.621798 0.598011 0.031901 0.054565
0 0.621407 0.678454 0.031901 0.054565
0 0.623371 0.436000 0.031901 0.054565
0 0.622980 0.516443 0.031901 0.054565
0 0.624943 0.273989 0.031901 0.054565
0 0.624552 0.354432 0.031901 0.054565
0 0.621798 0.192983 0.031901 0.054565