0 0.086418 0.150894 0.038083 0.069377
0 0.132313 0.147425 0.038083 0.069377
0 0.178207 0.150894 0.038083 0.069377
0 0.228984 0.156098 0.038083 0.069377
0 0.274878 0.154363 0.038083 0.069377
0 0.087395 0.241084 0.038083 0.069377
0 0.088371 0.319133 0.038083 0.069377
0 0.133289 0.234146 0.038083 0.069377
0 0.182113 0.239350 0.038083 0.069377
0 0.229960 0.237615 0.038083 0.069377
0 0.275855 0.234146 0.038083 0.069377
0 0.133289 0.320867 0.038083 0.069377
0 0.181136 0.319133 0.038083 0.069377
0 0.229960 0.319133 0.038083 0.069377
0 0.275855 0.324336 0.038083 0.069377
0 0.084465 0.404119 0.038083 0.069377
0 0.130360 0.400650 0.038083 0.069377
0 0.176254 0.404119 0.038083 0.069377
0 0.227031 0.409322 0.038083 0.069377
0 0.272925 0.407588 0.038083 0.069377
0 0.085442 0.494309 0.038083 0.069377
0 0.086418 0.572358 0.038083 0.069377
0 0.131336 0.487371 0.038083 0.069377
0 0.180160 0.492574 0.038083 0.069377
0 0.228007 0.490840 0.038083 0.069377
0 0.273902 0.490840 0.038083 0.069377
0 0.131336 0.574092 0.038083 0.069377
0 0.179183 0.572358 0.038083 0.069377
0 0.228007 0.581030 0.038083 0.069377
0 0.273902 0.577561 0.038083 0.069377
0 0.324679 0.152629 0.038083 0.069377
0 0.370573 0.150894 0.038083 0.069377
0 0.321749 0.234146 0.038083 0.069377
0 0.371549 0.237615 0.038083 0.069377
0 0.325655 0.324336 0.038083 0.069377
0 0.371549 0.320867 0.038083 0.069377
0 0.322726 0.405854 0.038083 0.069377
0 0.368620 0.404119 0.038083 0.069377
0 0.323702 0.487371 0.038083 0.069377
0 0.369596 0.490840 0.038083 0.069377
0 0.323702 0.577561 0.038083 0.069377
0 0.371549 0.574092 0.038083 0.069377
0 0.413538 0.152629 0.038083 0.069377
0 0.459432 0.150894 0.038083 0.069377
0 0.414514 0.234146 0.038083 0.069377
0 0.460409 0.237615 0.038083 0.069377
0 0.414514 0.324336 0.038083 0.069377
0 0.460409 0.320867 0.038083 0.069377
0 0.414514 0.405854 0.038083 0.069377
0 0.457479 0.404119 0.038083 0.069377
0 0.412561 0.487371 0.038083 0.069377
0 0.458456 0.490840 0.038083 0.069377
0 0.416467 0.577561 0.038083 0.069377
0 0.462362 0.574092 0.038083 0.069377
0 0.509233 0.149160 0.038083 0.069377
0 0.555127 0.147425 0.038083 0.069377
0 0.510209 0.230677 0.038083 0.069377
0 0.556104 0.234146 0.038083 0.069377
0 0.510209 0.320867 0.038083 0.069377
0 0.556104 0.317398 0.038083 0.069377
0 0.507280 0.402385 0.038083 0.069377
0 0.556104 0.400650 0.038083 0.069377
0 0.508256 0.483902 0.038083 0.069377
0 0.554151 0.487371 0.038083 0.069377
0 0.508256 0.574092 0.038083 0.069377
0 0.555127 0.570623 0.038083 0.069377
0 0.601998 0.149160 0.038083 0.069377
0 0.647892 0.147425 0.038083 0.069377
0 0.602974 0.230677 0.038083 0.069377
0 0.648869 0.234146 0.038083 0.069377
0 0.602974 0.320867 0.038083 0.069377
0 0.648869 0.317398 0.038083 0.069377
0 0.600045 0.402385 0.038083 0.069377
0 0.648869 0.400650 0.038083 0.069377
0 0.601021 0.483902 0.038083 0.069377
0 0.646916 0.487371 0.038083 0.069377
0 0.601021 0.574092 0.038083 0.069377
0 0.647892 0.570623 0.038083 0.069377
0 0.693787 0.143957 0.038083 0.069377
0 0.739681 0.142222 0.038083 0.069377
0 0.694763 0.225474 0.038083 0.069377
0 0.740658 0.228943 0.038083 0.069377
0 0.694763 0.315664 0.038083 0.069377
0 0.740658 0.312195 0.038083 0.069377
0 0.695740 0.397182 0.038083 0.069377
0 0.740658 0.395447 0.038083 0.069377
0 0.696716 0.478699 0.038083 0.069377
0 0.738705 0.482168 0.038083 0.069377
0 0.698669 0.568889 0.038083 0.069377
0 0.741634 0.570623 0.038083 0.069377
0 0.788505 0.147425 0.038083 0.069377
0 0.836352 0.149160 0.038083 0.069377
0 0.791434 0.232412 0.038083 0.069377
0 0.837329 0.235881 0.038083 0.069377
0 0.791434 0.322602 0.038083 0.069377
0 0.837329 0.319133 0.038083 0.069377
0 0.788505 0.404119 0.038083 0.069377
0 0.837329 0.402385 0.038083 0.069377
0 0.789482 0.485637 0.038083 0.069377
0 0.835376 0.489106 0.038083 0.069377
0 0.789482 0.575826 0.038083 0.069377
0 0.836352 0.572358 0.038083 0.069377
0 0.881270 0.145691 0.038083 0.069377
0 0.929118 0.147425 0.038083 0.069377
0 0.884200 0.230677 0.038083 0.069377
0 0.930094 0.234146 0.038083 0.069377
0 0.884200 0.320867 0.038083 0.069377
0 0.930094 0.317398 0.038083 0.069377
0 0.881270 0.402385 0.038083 0.069377
0 0.930094 0.400650 0.038083 0.069377
0 0.882247 0.483902 0.038083 0.069377
0 0.928141 0.487371 0.038083 0.069377
0 0.882247 0.574092 0.038083 0.069377
0 0.929118 0.570623 0.038083 0.069377
0 0.420373 0.657344 0.038083 0.069377
0 0.466268 0.660813 0.038083 0.069377
0 0.418420 0.747534 0.038083 0.069377
0 0.466268 0.747534 0.038083 0.069377
0 0.512162 0.655610 0.038083 0.069377
0 0.561962 0.657344 0.038083 0.069377
0 0.516068 0.744065 0.038083 0.069377
0 0.562939 0.740596 0.038083 0.069377
0 0.605904 0.659078 0.038083 0.069377
0 0.650822 0.657344 0.038083 0.069377
0 0.608833 0.744065 0.038083 0.069377
0 0.655704 0.740596 0.038083 0.069377
0 0.701599 0.655610 0.038083 0.069377
0 0.746517 0.652141 0.038083 0.069377
0 0.706481 0.738862 0.038083 0.069377
0 0.749446 0.740596 0.038083 0.069377
0 0.797293 0.655610 0.038083 0.069377
0 0.843188 0.659078 0.038083 0.069377
0 0.797293 0.745799 0.038083 0.069377
0 0.844164 0.742331 0.038083 0.069377
0 0.890059 0.653875 0.038083 0.069377
0 0.935953 0.657344 0.038083 0.069377
0 0.890059 0.744065 0.038083 0.069377
0 0.936930 0.740596 0.038083 0.069377
0 0.087395 0.664282 0.038083 0.069377
0 0.133289 0.660813 0.038083 0.069377
0 0.179183 0.664282 0.038083 0.069377
0 0.229960 0.669485 0.038083 0.069377
0 0.275855 0.667751 0.038083 0.069377
0 0.088371 0.754471 0.038083 0.069377
0 0.089348 0.832520 0.038083 0.069377
0 0.134266 0.747534 0.038083 0.069377
0 0.183089 0.752737 0.038083 0.069377
0 0.230937 0.751003 0.038083 0.069377
0 0.276831 0.751003 0.038083 0.069377
0 0.134266 0.834255 0.038083 0.069377
0 0.182113 0.832520 0.038083 0.069377
0 0.230937 0.841192 0.038083 0.069377
0 0.276831 0.837723 0.038083 0.069377
0 0.325655 0.666016 0.038083 0.069377
0 0.371549 0.664282 0.038083 0.069377
0 0.326631 0.747534 0.038083 0.069377
0 0.372526 0.751003 0.038083 0.069377
0 0.326631 0.837723 0.038083 0.069377
0 0.369596 0.834255 0.038083 0.069377
0 0.419397 0.832520 0.038083 0.069377
0 0.468221 0.834255 0.038083 0.069377
0 0.514115 0.834255 0.038083 0.069377
0 0.560986 0.830786 0.038083 0.069377
0 0.606880 0.834255 0.038083 0.069377
0 0.654728 0.827317 0.038083 0.069377
0 0.702575 0.825583 0.038083 0.069377
0 0.748469 0.827317 0.038083 0.069377
0 0.796317 0.832520 0.038083 0.069377
0 0.843188 0.829051 0.038083 0.069377
0 0.889082 0.830786 0.038083 0.069377
0 0.934000 0.832520 0.038083 0.069377
0 0.372614 0.777995 0.004882 0.024282