0 0.091283 0.170959 0.034170 0.060747
0 0.133264 0.172695 0.034170 0.060747
0 0.179149 0.170959 0.034170 0.060747
0 0.224059 0.174431 0.034170 0.060747
0 0.267992 0.176166 0.034170 0.060747
0 0.312901 0.177902 0.034170 0.060747
0 0.087378 0.252534 0.034170 0.060747
0 0.085425 0.328902 0.034170 0.060747
0 0.083473 0.408741 0.034170 0.060747
0 0.080544 0.490315 0.034170 0.060747
0 0.081520 0.568419 0.034170 0.060747
0 0.135216 0.254270 0.034170 0.060747
0 0.131311 0.328902 0.034170 0.060747
0 0.127406 0.410476 0.034170 0.060747
0 0.125453 0.488580 0.034170 0.060747
0 0.124477 0.575361 0.034170 0.060747
0 0.180126 0.249063 0.034170 0.060747
0 0.225035 0.252534 0.034170 0.060747
0 0.268968 0.254270 0.034170 0.060747
0 0.313878 0.256005 0.034170 0.060747
0 0.180126 0.328902 0.034170 0.060747
0 0.224059 0.325430 0.034170 0.060747
0 0.267992 0.327166 0.034170 0.060747
0 0.312901 0.328902 0.034170 0.060747
0 0.176221 0.410476 0.034170 0.060747
0 0.219177 0.413948 0.034170 0.060747
0 0.265063 0.415683 0.034170 0.060747
0 0.311925 0.419154 0.034170 0.060747
0 0.175244 0.493786 0.034170 0.060747
0 0.220154 0.497258 0.034170 0.060747
0 0.264087 0.498993 0.034170 0.060747
0 0.308996 0.500729 0.034170 0.060747
0 0.171339 0.575361 0.034170 0.060747
0 0.219177 0.570154 0.034170 0.060747
0 0.263111 0.571890 0.034170 0.060747
0 0.308020 0.573625 0.034170 0.060747
0 0.075663 0.655200 0.034170 0.060747
0 0.069551 0.741704 0.034170 0.060747
0 0.120572 0.653464 0.034170 0.060747
0 0.119596 0.740246 0.034170 0.060747
0 0.170363 0.658671 0.034170 0.060747
0 0.215272 0.662143 0.034170 0.060747
0 0.260182 0.658671 0.034170 0.060747
0 0.304115 0.658671 0.034170 0.060747
0 0.166458 0.740246 0.034170 0.060747
0 0.214296 0.735039 0.034170 0.060747
0 0.258229 0.736775 0.034170 0.060747
0 0.303138 0.738510 0.034170 0.060747
0 0.356835 0.177902 0.034170 0.060747
0 0.401744 0.179638 0.034170 0.060747
0 0.357811 0.256005 0.034170 0.060747
0 0.402720 0.257741 0.034170 0.060747
0 0.356835 0.328902 0.034170 0.060747
0 0.401744 0.330637 0.034170 0.060747
0 0.355858 0.419154 0.034170 0.060747
0 0.398815 0.419154 0.034170 0.060747
0 0.352929 0.500729 0.034170 0.060747
0 0.397839 0.502465 0.034170 0.060747
0 0.351953 0.573625 0.034170 0.060747
0 0.396862 0.575361 0.034170 0.060747
0 0.348048 0.665614 0.034170 0.060747
0 0.393934 0.662143 0.034170 0.060747
0 0.347072 0.738510 0.034170 0.060747
0 0.394344 0.746546 0.034170 0.060747
0 0.446653 0.177902 0.034170 0.060747
0 0.491563 0.179638 0.034170 0.060747
0 0.447630 0.256005 0.034170 0.060747
0 0.492539 0.257741 0.034170 0.060747
0 0.446653 0.328902 0.034170 0.060747
0 0.491563 0.330637 0.034170 0.060747
0 0.445677 0.419154 0.034170 0.060747
0 0.488634 0.419154 0.034170 0.060747
0 0.442748 0.500729 0.034170 0.060747
0 0.487658 0.502465 0.034170 0.060747
0 0.441772 0.573625 0.034170 0.060747
0 0.486681 0.575361 0.034170 0.060747
0 0.441772 0.655200 0.034170 0.060747
0 0.483752 0.662143 0.034170 0.060747
0 0.442797 0.744811 0.034170 0.060747
0 0.485705 0.743717 0.034170 0.060747
0 0.535496 0.172695 0.034170 0.060747
0 0.580405 0.174431 0.034170 0.060747
0 0.536472 0.250798 0.034170 0.060747
0 0.581382 0.252534 0.034170 0.060747
0 0.535496 0.323695 0.034170 0.060747
0 0.580405 0.325430 0.034170 0.060747
0 0.534520 0.413948 0.034170 0.060747
0 0.577476 0.413948 0.034170 0.060747
0 0.531591 0.495522 0.034170 0.060747
0 0.576500 0.497258 0.034170 0.060747
0 0.531591 0.575361 0.034170 0.060747
0 0.575524 0.570154 0.034170 0.060747
0 0.532567 0.660407 0.034170 0.060747
0 0.577476 0.656936 0.034170 0.060747
0 0.532567 0.741981 0.034170 0.060747
0 0.579429 0.740246 0.034170 0.060747
0 0.622386 0.174431 0.034170 0.060747
0 0.663390 0.176166 0.034170 0.060747
0 0.623362 0.252534 0.034170 0.060747
0 0.662414 0.254270 0.034170 0.060747
0 0.621409 0.335844 0.034170 0.060747
0 0.662414 0.332373 0.034170 0.060747
0 0.621409 0.415683 0.034170 0.060747
0 0.664366 0.415683 0.034170 0.060747
0 0.624182 0.493422 0.034170 0.060747
0 0.664366 0.497258 0.034170 0.060747
0 0.622386 0.582304 0.034170 0.060747
0 0.667295 0.577097 0.034170 0.060747
0 0.627267 0.663878 0.034170 0.060747
0 0.667451 0.660407 0.034170 0.060747
0 0.627267 0.745453 0.034170 0.060747
0 0.669404 0.743717 0.034170 0.060747
0 0.707099 0.180367 0.034170 0.060747
0 0.712029 0.262670 0.034170 0.060747
0 0.712029 0.340773 0.034170 0.060747
0 0.711619 0.417783 0.034170 0.060747
0 0.713981 0.505658 0.034170 0.060747
0 0.713366 0.579197 0.034170 0.060747
0 0.714704 0.662507 0.034170 0.060747
0 0.717838 0.750017 0.034170 0.060747
0 0.755239 0.178631 0.034170 0.060747
0 0.756216 0.256734 0.034170 0.060747
0 0.755239 0.329631 0.034170 0.060747
0 0.757036 0.418148 0.034170 0.060747
0 0.758422 0.497258 0.034170 0.060747
0 0.757446 0.570154 0.034170 0.060747
0 0.762942 0.661136 0.034170 0.060747
0 0.761351 0.740246 0.034170 0.060747
0 0.797220 0.178631 0.034170 0.060747
0 0.838224 0.180367 0.034170 0.060747
0 0.800559 0.250434 0.034170 0.060747
0 0.839611 0.252170 0.034170 0.060747
0 0.796244 0.340044 0.034170 0.060747
0 0.845517 0.336573 0.034170 0.060747
0 0.802150 0.417783 0.034170 0.060747
0 0.843926 0.419883 0.034170 0.060747
0 0.801379 0.495522 0.034170 0.060747
0 0.846288 0.497258 0.034170 0.060747
0 0.804308 0.582304 0.034170 0.060747
0 0.849217 0.577097 0.034170 0.060747
0 0.809189 0.663878 0.034170 0.060747
0 0.849374 0.660407 0.034170 0.060747
0 0.809189 0.745453 0.034170 0.060747
0 0.851326 0.743717 0.034170 0.060747
0 0.881933 0.184567 0.034170 0.060747
0 0.889226 0.260570 0.034170 0.060747
0 0.891588 0.338673 0.034170 0.060747
0 0.892360 0.419883 0.034170 0.060747
0 0.893541 0.497258 0.034170 0.060747
0 0.895288 0.583397 0.034170 0.060747
0 0.898989 0.660407 0.034170 0.060747
0 0.899760 0.750017 0.034170 0.060747
0 0.533748 0.832286 0.034170 0.060747
0 0.579429 0.830551 0.034170 0.060747
0 0.627267 0.833657 0.034170 0.060747
0 0.671767 0.834022 0.034170 0.060747
0 0.714294 0.834022 0.034170 0.060747
0 0.763714 0.832651 0.034170 0.060747
0 0.812733 0.837858 0.034170 0.060747
0 0.856051 0.836122 0.034170 0.060747
0 0.900941 0.834022 0.034170 0.060747
0 0.303138 0.830915 0.034170 0.060747
0 0.348253 0.833015 0.034170 0.060747
0 0.394344 0.834751 0.034170 0.060747
0 0.440434 0.835115 0.034170 0.060747
0 0.485705 0.825621 0.034170 0.060747
0 0.062463 0.829908 0.034170 0.060747
0 0.112508 0.828450 0.034170 0.060747
0 0.159370 0.828450 0.034170 0.060747
0 0.207208 0.823244 0.034170 0.060747
0 0.251141 0.824979 0.034170 0.060747