0 0.083569 0.241425 0.034448 0.045931
0 0.130776 0.243126 0.034448 0.045931
0 0.078466 0.299264 0.034448 0.045931
0 0.124397 0.297563 0.034448 0.045931
0 0.073362 0.362207 0.034448 0.045931
0 0.120569 0.360505 0.034448 0.045931
0 0.065707 0.423448 0.034448 0.045931
0 0.115466 0.421747 0.034448 0.045931
0 0.175432 0.243126 0.034448 0.045931
0 0.223914 0.244827 0.034448 0.045931
0 0.172880 0.299264 0.034448 0.045931
0 0.218811 0.299264 0.034448 0.045931
0 0.165225 0.358804 0.034448 0.045931
0 0.216259 0.360505 0.034448 0.045931
0 0.163949 0.425149 0.034448 0.045931
0 0.209880 0.425149 0.034448 0.045931
0 0.268570 0.244827 0.034448 0.045931
0 0.315777 0.246528 0.034448 0.045931
0 0.263466 0.302666 0.034448 0.045931
0 0.309397 0.300965 0.034448 0.045931
0 0.262190 0.365609 0.034448 0.045931
0 0.305570 0.363908 0.034448 0.045931
0 0.258363 0.426850 0.034448 0.045931
0 0.300466 0.425149 0.034448 0.045931
0 0.360432 0.246528 0.034448 0.045931
0 0.403812 0.248229 0.034448 0.045931
0 0.357880 0.302666 0.034448 0.045931
0 0.403812 0.302666 0.034448 0.045931
0 0.356604 0.362207 0.034448 0.045931
0 0.406363 0.363908 0.034448 0.045931
0 0.354053 0.428552 0.034448 0.045931
0 0.402536 0.428552 0.034448 0.045931
0 0.447191 0.249930 0.034448 0.045931
0 0.499501 0.248229 0.034448 0.045931
0 0.448467 0.307770 0.034448 0.045931
0 0.496950 0.302666 0.034448 0.045931
0 0.449743 0.362207 0.034448 0.045931
0 0.499501 0.365609 0.034448 0.045931
0 0.451019 0.421747 0.034448 0.045931
0 0.499501 0.426850 0.034448 0.045931
0 0.544157 0.248229 0.034448 0.045931
0 0.582433 0.246528 0.034448 0.045931
0 0.544157 0.302666 0.034448 0.045931
0 0.587536 0.300965 0.034448 0.045931
0 0.542881 0.363908 0.034448 0.045931
0 0.584984 0.369011 0.034448 0.045931
0 0.545433 0.425149 0.034448 0.045931
0 0.588812 0.423448 0.034448 0.045931
0 0.627088 0.248229 0.034448 0.045931
0 0.671743 0.248229 0.034448 0.045931
0 0.629640 0.307770 0.034448 0.045931
0 0.679399 0.306068 0.034448 0.045931
0 0.633467 0.365609 0.034448 0.045931
0 0.680674 0.362207 0.034448 0.045931
0 0.637295 0.421747 0.034448 0.045931
0 0.679399 0.421747 0.034448 0.045931
0 0.715123 0.244827 0.034448 0.045931
0 0.758502 0.248229 0.034448 0.045931
0 0.721502 0.306068 0.034448 0.045931
0 0.764882 0.304367 0.034448 0.045931
0 0.725330 0.360505 0.034448 0.045931
0 0.769985 0.365609 0.034448 0.045931
0 0.727881 0.423448 0.034448 0.045931
0 0.775088 0.423448 0.034448 0.045931
0 0.058690 0.488092 0.045931 0.056138
0 0.111000 0.489793 0.045931 0.056138
0 0.160759 0.489793 0.045931 0.056138
0 0.210518 0.489793 0.045931 0.056138
0 0.257725 0.488092 0.040828 0.049333
0 0.306208 0.488092 0.040828 0.049333
0 0.352139 0.488092 0.040828 0.049333
0 0.252621 0.557839 0.040828 0.049333
0 0.204139 0.554437 0.040828 0.049333
0 0.153104 0.552736 0.040828 0.049333
0 0.103345 0.556138 0.040828 0.049333
0 0.054862 0.552736 0.040828 0.049333
0 0.301104 0.552736 0.040828 0.049333
0 0.352139 0.547632 0.040828 0.049333
0 0.402536 0.486391 0.034448 0.056138
0 0.455484 0.484690 0.040828 0.049333
0 0.503967 0.484690 0.040828 0.049333
0 0.546708 0.484690 0.034448 0.049333
0 0.450381 0.554437 0.040828 0.049333
0 0.401898 0.551035 0.040828 0.049333
0 0.498864 0.549333 0.040828 0.049333
0 0.544157 0.551035 0.031897 0.049333
0 0.592002 0.486391 0.038276 0.056138
0 0.643036 0.484690 0.040828 0.049333
0 0.687692 0.484690 0.040828 0.049333
0 0.737450 0.484690 0.040828 0.049333
0 0.639209 0.545931 0.040828 0.049333
0 0.592002 0.547632 0.040828 0.049333
0 0.690243 0.544230 0.040828 0.049333
0 0.737450 0.544230 0.040828 0.049333
0 0.047207 0.620782 0.045931 0.056138
0 0.099518 0.622483 0.045931 0.056138
0 0.149276 0.622483 0.045931 0.056138
0 0.199035 0.622483 0.045931 0.056138
0 0.037000 0.688828 0.045931 0.056138
0 0.090586 0.688828 0.045931 0.056138
0 0.144173 0.688828 0.045931 0.056138
0 0.199035 0.688828 0.045931 0.056138
0 0.035086 0.765380 0.037000 0.052736
0 0.088035 0.763679 0.033173 0.052736
0 0.137793 0.761127 0.035724 0.047632
0 0.190742 0.756874 0.039552 0.062943
0 0.249432 0.619081 0.031897 0.056138
0 0.245604 0.683725 0.037000 0.049333
0 0.242414 0.759426 0.040828 0.057839
0 0.302380 0.615678 0.045931 0.056138
0 0.353415 0.617380 0.045931 0.056138
0 0.403174 0.617380 0.045931 0.056138
0 0.451656 0.617380 0.040828 0.056138
0 0.297277 0.683725 0.045931 0.056138
0 0.347035 0.683725 0.045931 0.056138
0 0.399346 0.683725 0.045931 0.056138
0 0.451656 0.683725 0.045931 0.056138
0 0.295363 0.760277 0.037000 0.052736
0 0.348311 0.758575 0.033173 0.052736
0 0.398070 0.756024 0.035724 0.047632
0 0.451019 0.751771 0.039552 0.062943
0 0.500777 0.613977 0.031897 0.056138
0 0.496950 0.683725 0.037000 0.049333
0 0.498864 0.754323 0.040828 0.057839
0 0.551174 0.613977 0.045931 0.056138
0 0.599657 0.613977 0.040828 0.056138
0 0.547346 0.680322 0.045931 0.056138
0 0.599657 0.680322 0.045931 0.056138
0 0.546071 0.752621 0.035724 0.047632
0 0.599019 0.748369 0.039552 0.062943
0 0.645588 0.610575 0.038276 0.056138
0 0.644950 0.680322 0.037000 0.049333
0 0.646864 0.750920 0.040828 0.057839
0 0.694071 0.610575 0.040828 0.052736
0 0.738726 0.608874 0.038276 0.052736
0 0.697899 0.675219 0.045931 0.056138
0 0.750209 0.675219 0.045931 0.056138
0 0.696623 0.747518 0.035724 0.047632
0 0.749571 0.743265 0.039552 0.062943
0 0.788485 0.614828 0.035724 0.054437
0 0.795502 0.675219 0.037000 0.049333
0 0.797416 0.745817 0.040828 0.057839
0 0.782106 0.484690 0.040828 0.049333
0 0.787209 0.542529 0.040828 0.049333
0 0.804433 0.248229 0.034448 0.045931
0 0.810813 0.304367 0.034448 0.045931
0 0.815916 0.365609 0.034448 0.045931
0 0.821020 0.423448 0.034448 0.045931
0 0.838244 0.609724 0.035724 0.054437
0 0.841433 0.675219 0.037000 0.049333
0 0.843347 0.745817 0.040828 0.057839
0 0.827399 0.483839 0.039552 0.044230
0 0.829951 0.543379 0.034448 0.047632
0 0.846537 0.251631 0.034448 0.045931
0 0.852916 0.307770 0.034448 0.045931
0 0.858020 0.369011 0.034448 0.045931
0 0.863123 0.426850 0.034448 0.045931
0 0.883537 0.609724 0.034448 0.054437
0 0.889916 0.675219 0.037000 0.049333
0 0.893106 0.747518 0.040828 0.057839
0 0.871416 0.481287 0.040828 0.049333
0 0.877796 0.546782 0.035724 0.047632
0 0.891192 0.243126 0.034448 0.045931
0 0.898847 0.307770 0.034448 0.045931
0 0.903951 0.369011 0.034448 0.045931
0 0.909054 0.426850 0.034448 0.045931
0 0.930106 0.608874 0.038276 0.056138
0 0.935848 0.678621 0.037000 0.049333
0 0.940313 0.745817 0.040828 0.057839
0 0.916072 0.482988 0.040828 0.049333
0 0.921175 0.545931 0.040828 0.049333