0 0.111709 0.244347 0.034372 0.064867
0 0.152526 0.244347 0.034372 0.064867
0 0.193342 0.244347 0.034372 0.064867
0 0.110635 0.322569 0.034372 0.064867
0 0.153600 0.316846 0.034372 0.064867
0 0.193342 0.318753 0.034372 0.064867
0 0.234159 0.240531 0.034372 0.064867
0 0.234159 0.313030 0.034372 0.064867
0 0.274976 0.244347 0.034372 0.064867
0 0.277124 0.316846 0.034372 0.064867
0 0.111709 0.396976 0.034372 0.064867
0 0.154674 0.396976 0.034372 0.064867
0 0.196565 0.393160 0.034372 0.064867
0 0.235233 0.389344 0.034372 0.064867
0 0.277124 0.395068 0.034372 0.064867
0 0.317941 0.244347 0.034372 0.064867
0 0.319015 0.314938 0.034372 0.064867
0 0.321163 0.393160 0.034372 0.064867
0 0.357683 0.238623 0.034372 0.064867
0 0.359832 0.314938 0.034372 0.064867
0 0.363054 0.389344 0.034372 0.064867
0 0.399574 0.238623 0.034372 0.064867
0 0.401723 0.311122 0.034372 0.064867
0 0.401723 0.389344 0.034372 0.064867
0 0.442539 0.238623 0.034372 0.064867
0 0.443613 0.309214 0.034372 0.064867
0 0.445762 0.387436 0.034372 0.064867
0 0.482282 0.232900 0.034372 0.064867
0 0.484430 0.309214 0.034372 0.064867
0 0.487653 0.383621 0.034372 0.064867
0 0.109561 0.477106 0.034372 0.064867
0 0.111709 0.549604 0.034372 0.064867
0 0.111709 0.627827 0.034372 0.064867
0 0.152526 0.477106 0.034372 0.064867
0 0.153600 0.547696 0.034372 0.064867
0 0.155748 0.625919 0.034372 0.064867
0 0.192268 0.471382 0.034372 0.064867
0 0.194417 0.547696 0.034372 0.064867
0 0.197639 0.622103 0.034372 0.064867
0 0.235233 0.471382 0.034372 0.064867
0 0.237382 0.543881 0.034372 0.064867
0 0.237382 0.622103 0.034372 0.064867
0 0.278198 0.471382 0.034372 0.064867
0 0.279272 0.541973 0.034372 0.064867
0 0.281421 0.620195 0.034372 0.064867
0 0.317941 0.465659 0.034372 0.064867
0 0.320089 0.541973 0.034372 0.064867
0 0.320089 0.616379 0.034372 0.064867
0 0.357683 0.469474 0.034372 0.064867
0 0.359832 0.541973 0.034372 0.064867
0 0.359832 0.620195 0.034372 0.064867
0 0.400648 0.469474 0.034372 0.064867
0 0.401723 0.540065 0.034372 0.064867
0 0.403871 0.618287 0.034372 0.064867
0 0.440391 0.463751 0.034372 0.064867
0 0.442539 0.540065 0.034372 0.064867
0 0.445762 0.614472 0.034372 0.064867
0 0.524173 0.230992 0.034372 0.064867
0 0.526321 0.303491 0.034372 0.064867
0 0.526321 0.381713 0.034372 0.064867
0 0.567138 0.230992 0.034372 0.064867
0 0.568212 0.301583 0.034372 0.064867
0 0.570360 0.379805 0.034372 0.064867
0 0.606880 0.225268 0.034372 0.064867
0 0.609029 0.301583 0.034372 0.064867
0 0.612251 0.375989 0.034372 0.064867
0 0.487653 0.461843 0.034372 0.064867
0 0.489801 0.534341 0.034372 0.064867
0 0.489801 0.612564 0.034372 0.064867
0 0.530618 0.461843 0.034372 0.064867
0 0.531692 0.532434 0.034372 0.064867
0 0.530618 0.610656 0.034372 0.064867
0 0.570360 0.456119 0.034372 0.064867
0 0.572508 0.532434 0.034372 0.064867
0 0.573582 0.616379 0.034372 0.064867
0 0.612251 0.454211 0.034372 0.064867
0 0.615473 0.530526 0.034372 0.064867
0 0.613325 0.614472 0.034372 0.064867
0 0.655216 0.230992 0.034372 0.064867
0 0.656290 0.301583 0.034372 0.064867
0 0.658438 0.379805 0.034372 0.064867
0 0.694959 0.225268 0.034372 0.064867
0 0.697107 0.301583 0.034372 0.064867
0 0.698181 0.375989 0.034372 0.064867
0 0.654142 0.458027 0.034372 0.064867
0 0.656290 0.532434 0.034372 0.064867
0 0.654142 0.614472 0.034372 0.064867
0 0.697107 0.454211 0.034372 0.064867
0 0.700329 0.530526 0.034372 0.064867
0 0.701403 0.614472 0.034372 0.064867
0 0.111709 0.702233 0.034372 0.064867
0 0.113857 0.774732 0.034372 0.064867
0 0.113857 0.852954 0.034372 0.064867
0 0.154674 0.702233 0.034372 0.064867
0 0.155748 0.772824 0.034372 0.064867
0 0.157896 0.851046 0.034372 0.064867
0 0.194417 0.696509 0.034372 0.064867
0 0.196565 0.772824 0.034372 0.064867
0 0.199787 0.847230 0.034372 0.064867
0 0.237382 0.696509 0.034372 0.064867
0 0.239530 0.769008 0.034372 0.064867
0 0.239530 0.847230 0.034372 0.064867
0 0.280346 0.696509 0.034372 0.064867
0 0.281421 0.767100 0.034372 0.064867
0 0.283569 0.845322 0.034372 0.064867
0 0.320089 0.690786 0.034372 0.064867
0 0.322237 0.767100 0.034372 0.064867
0 0.322237 0.847230 0.034372 0.064867
0 0.359832 0.694602 0.034372 0.064867
0 0.361980 0.767100 0.034372 0.064867
0 0.361980 0.845322 0.034372 0.064867
0 0.402797 0.694602 0.034372 0.064867
0 0.403871 0.765192 0.034372 0.064867
0 0.406019 0.843415 0.034372 0.064867
0 0.445762 0.688878 0.034372 0.064867
0 0.444688 0.765192 0.034372 0.064867
0 0.447910 0.839599 0.034372 0.064867
0 0.489801 0.686970 0.034372 0.064867
0 0.491949 0.759469 0.034372 0.064867
0 0.491949 0.837691 0.034372 0.064867
0 0.532766 0.686970 0.034372 0.064867
0 0.532766 0.763285 0.034372 0.064867
0 0.535988 0.835783 0.034372 0.064867
0 0.572508 0.681247 0.034372 0.064867
0 0.574657 0.757561 0.034372 0.064867
0 0.575731 0.841507 0.034372 0.064867
0 0.614399 0.679339 0.034372 0.064867
0 0.617622 0.755653 0.034372 0.064867
0 0.615473 0.839599 0.034372 0.064867
0 0.655216 0.685062 0.034372 0.064867
0 0.657364 0.761377 0.034372 0.064867
0 0.659512 0.841507 0.034372 0.064867
0 0.700329 0.686970 0.034372 0.064867
0 0.699255 0.763285 0.034372 0.064867
0 0.700329 0.843415 0.034372 0.064867
0 0.742220 0.219545 0.034372 0.064867
0 0.737924 0.295859 0.034372 0.064867
0 0.741146 0.370266 0.034372 0.064867
0 0.784111 0.225268 0.034372 0.064867
0 0.785185 0.295859 0.034372 0.064867
0 0.787333 0.374081 0.034372 0.064867
0 0.829224 0.219545 0.034372 0.064867
0 0.826002 0.295859 0.034372 0.064867
0 0.827076 0.370266 0.034372 0.064867
0 0.740072 0.461843 0.034372 0.064867
0 0.742220 0.538157 0.034372 0.064867
0 0.743294 0.612564 0.034372 0.064867
0 0.787333 0.456119 0.034372 0.064867
0 0.783037 0.532434 0.034372 0.064867
0 0.786259 0.606840 0.034372 0.064867
0 0.829224 0.461843 0.034372 0.064867
0 0.830298 0.532434 0.034372 0.064867
0 0.832446 0.610656 0.034372 0.064867
0 0.873263 0.215729 0.034372 0.064867
0 0.872189 0.293951 0.034372 0.064867
0 0.872189 0.368358 0.034372 0.064867
0 0.874337 0.456119 0.034372 0.064867
0 0.871115 0.532434 0.034372 0.064867
0 0.872189 0.606840 0.034372 0.064867
0 0.743294 0.690786 0.034372 0.064867
0 0.745442 0.767100 0.034372 0.064867
0 0.746517 0.841507 0.034372 0.064867
0 0.790556 0.685062 0.034372 0.064867
0 0.786259 0.761377 0.034372 0.064867
0 0.789482 0.835783 0.034372 0.064867
0 0.832446 0.690786 0.034372 0.064867
0 0.833521 0.761377 0.034372 0.064867
0 0.835669 0.839599 0.034372 0.064867
0 0.877560 0.685062 0.034372 0.064867
0 0.874337 0.761377 0.034372 0.064867
0 0.875411 0.835783 0.034372 0.064867