0 0.087281 0.173184 0.036170 0.067039
0 0.088067 0.256983 0.040888 0.061453
0 0.086843 0.337145 0.036628 0.067157
0 0.086252 0.421091 0.035446 0.058762
0 0.089206 0.502938 0.038991 0.071354
0 0.089797 0.586884 0.033083 0.054565
0 0.089206 0.666632 0.038991 0.054565
0 0.088025 0.748480 0.038991 0.054565
0 0.089206 0.826129 0.038991 0.054565
0 0.129816 0.179480 0.036170 0.067039
0 0.131784 0.256983 0.040888 0.061453
0 0.129378 0.339244 0.036628 0.067157
0 0.128788 0.416894 0.035446 0.058762
0 0.131741 0.502938 0.038991 0.071354
0 0.132332 0.585835 0.033083 0.069255
0 0.130560 0.660336 0.038991 0.054565
0 0.131741 0.740085 0.038991 0.054565
0 0.132923 0.824031 0.038991 0.054565
0 0.178259 0.171086 0.036170 0.067039
0 0.179045 0.254885 0.040888 0.061453
0 0.177821 0.335047 0.036628 0.067157
0 0.177231 0.418992 0.035446 0.058762
0 0.180184 0.500839 0.038991 0.071354
0 0.180775 0.584785 0.033083 0.054565
0 0.180184 0.664534 0.038991 0.054565
0 0.179003 0.746381 0.038991 0.054565
0 0.180184 0.824031 0.038991 0.054565
0 0.220794 0.177382 0.036170 0.067039
0 0.222762 0.254885 0.040888 0.061453
0 0.220357 0.337145 0.036628 0.067157
0 0.219766 0.414795 0.035446 0.058762
0 0.222720 0.500839 0.038991 0.071354
0 0.223310 0.583736 0.033083 0.069255
0 0.221538 0.658238 0.038991 0.054565
0 0.222720 0.737986 0.038991 0.054565
0 0.223901 0.821932 0.038991 0.054565
0 0.266874 0.166888 0.036170 0.067039
0 0.267661 0.250687 0.040888 0.061453
0 0.271163 0.326652 0.036628 0.067157
0 0.265846 0.414795 0.035446 0.058762
0 0.268800 0.496642 0.038991 0.071354
0 0.269390 0.580588 0.033083 0.054565
0 0.268800 0.660336 0.038991 0.054565
0 0.267618 0.742184 0.038991 0.054565
0 0.268800 0.819833 0.038991 0.054565
0 0.309410 0.173184 0.036170 0.067039
0 0.311378 0.250687 0.040888 0.061453
0 0.308972 0.332948 0.036628 0.067157
0 0.308381 0.410598 0.035446 0.058762
0 0.311335 0.496642 0.038991 0.071354
0 0.311926 0.579539 0.033083 0.069255
0 0.313698 0.664534 0.038991 0.054565
0 0.313698 0.746381 0.038991 0.054565
0 0.314880 0.826129 0.038991 0.054565
0 0.355490 0.173184 0.036170 0.067039
0 0.356671 0.255032 0.036170 0.067039
0 0.356671 0.336879 0.036170 0.067039
0 0.356671 0.414528 0.036170 0.067039
0 0.357853 0.498474 0.036170 0.067039
0 0.361397 0.580321 0.036170 0.067039
0 0.360216 0.657971 0.036170 0.067039
0 0.360216 0.741917 0.036170 0.067039
0 0.361397 0.827962 0.036170 0.067039
0 0.398025 0.166888 0.036170 0.067039
0 0.399993 0.244391 0.040888 0.061453
0 0.402313 0.335047 0.036628 0.067157
0 0.485612 0.408499 0.035446 0.058762
0 0.399950 0.490346 0.038991 0.071354
0 0.404086 0.579539 0.033083 0.069255
0 0.402313 0.658238 0.038991 0.054565
0 0.402313 0.740085 0.038991 0.054565
0 0.403495 0.819833 0.038991 0.054565
0 0.444105 0.166888 0.036170 0.067039
0 0.445286 0.248736 0.036170 0.067039
0 0.447650 0.332681 0.036170 0.067039
0 0.445286 0.408233 0.036170 0.067039
0 0.446468 0.492178 0.036170 0.067039
0 0.450013 0.574025 0.036170 0.067039
0 0.448831 0.651675 0.036170 0.067039
0 0.448831 0.735621 0.036170 0.067039
0 0.450013 0.821666 0.036170 0.067039
0 0.486640 0.171086 0.036170 0.067039
0 0.488608 0.248589 0.040888 0.061453
0 0.486202 0.330849 0.036628 0.067157
0 0.400541 0.416894 0.035446 0.058762
0 0.488566 0.494544 0.038991 0.071354
0 0.489156 0.577440 0.033083 0.069255
0 0.490929 0.658238 0.038991 0.062959
0 0.490929 0.744282 0.038991 0.054565
0 0.492110 0.824031 0.038991 0.054565
0 0.532720 0.171086 0.036170 0.067039
0 0.533902 0.252933 0.036170 0.067039
0 0.536265 0.336879 0.036170 0.067039
0 0.533902 0.412430 0.036170 0.067039
0 0.535083 0.496376 0.036170 0.067039
0 0.538628 0.578223 0.036170 0.067039
0 0.537446 0.655873 0.036170 0.067039
0 0.537446 0.739818 0.036170 0.067039
0 0.538628 0.825863 0.036170 0.067039
0 0.578953 0.408499 0.035446 0.058762
0 0.579982 0.171086 0.036170 0.067039
0 0.581949 0.248589 0.040888 0.061453
0 0.579544 0.330849 0.036628 0.067157
0 0.581907 0.494544 0.038991 0.071354
0 0.581316 0.575341 0.033083 0.069255
0 0.583088 0.655090 0.038991 0.060861
0 0.581907 0.741134 0.038991 0.060861
0 0.585452 0.824031 0.038991 0.054565
0 0.626062 0.171086 0.036170 0.067039
0 0.627243 0.252933 0.036170 0.067039
0 0.627243 0.334780 0.036170 0.067039
0 0.627243 0.412430 0.036170 0.067039
0 0.628425 0.496376 0.036170 0.067039
0 0.627243 0.578223 0.036170 0.067039
0 0.630788 0.651675 0.036170 0.067039
0 0.630788 0.739818 0.036170 0.067039
0 0.631969 0.825863 0.036170 0.067039
0 0.668597 0.166888 0.036170 0.067039
0 0.669778 0.248736 0.036170 0.067039
0 0.672142 0.332681 0.036170 0.067039
0 0.669778 0.408233 0.036170 0.067039
0 0.670960 0.492178 0.036170 0.067039
0 0.674505 0.574025 0.036170 0.067039
0 0.673323 0.651675 0.036170 0.067039
0 0.673323 0.735621 0.036170 0.067039
0 0.674505 0.821666 0.036170 0.067039
0 0.714830 0.404302 0.035446 0.058762
0 0.715858 0.166888 0.036170 0.067039
0 0.717826 0.244391 0.040888 0.061453
0 0.715421 0.326652 0.036628 0.067157
0 0.717784 0.490346 0.038991 0.071354
0 0.717193 0.571144 0.033083 0.069255
0 0.718965 0.650893 0.038991 0.060861
0 0.717784 0.736937 0.038991 0.060861
0 0.721328 0.819833 0.038991 0.054565
0 0.761938 0.166888 0.036170 0.067039
0 0.763120 0.248736 0.036170 0.067039
0 0.763120 0.330583 0.036170 0.067039
0 0.763120 0.408233 0.036170 0.067039
0 0.764301 0.492178 0.036170 0.067039
0 0.763120 0.574025 0.036170 0.067039
0 0.766664 0.647478 0.036170 0.067039
0 0.766664 0.735621 0.036170 0.067039
0 0.767846 0.821666 0.036170 0.067039
0 0.805655 0.166888 0.036170 0.067039
0 0.806837 0.248736 0.036170 0.067039
0 0.809200 0.332681 0.036170 0.067039
0 0.806837 0.408233 0.036170 0.067039
0 0.808018 0.492178 0.036170 0.067039
0 0.811563 0.574025 0.036170 0.067039
0 0.810381 0.651675 0.036170 0.067039
0 0.810381 0.735621 0.036170 0.067039
0 0.811563 0.821666 0.036170 0.067039
0 0.851888 0.404302 0.035446 0.058762
0 0.852917 0.166888 0.036170 0.067039
0 0.854885 0.244391 0.040888 0.061453
0 0.852479 0.326652 0.036628 0.067157
0 0.854842 0.490346 0.038991 0.071354
0 0.854251 0.571144 0.033083 0.069255
0 0.856024 0.650893 0.038991 0.060861
0 0.854842 0.736937 0.038991 0.060861
0 0.858387 0.819833 0.038991 0.054565
0 0.898997 0.166888 0.036170 0.067039
0 0.900178 0.248736 0.036170 0.067039
0 0.900178 0.330583 0.036170 0.067039
0 0.900178 0.408233 0.036170 0.067039
0 0.901360 0.492178 0.036170 0.067039
0 0.900178 0.574025 0.036170 0.067039
0 0.903723 0.647478 0.036170 0.067039
0 0.903723 0.735621 0.036170 0.067039
0 0.904904 0.821666 0.036170 0.067039