0 0.154120 0.188296 0.032592 0.040899
0 0.149806 0.248367 0.031633 0.043455
0 0.147889 0.305882 0.031633 0.046012
0 0.140700 0.365953 0.034509 0.043455
0 0.136386 0.426023 0.031633 0.048568
0 0.132073 0.490568 0.032592 0.047290
0 0.126321 0.553195 0.032592 0.047290
0 0.199173 0.190853 0.032592 0.040899
0 0.195339 0.250923 0.030674 0.043455
0 0.192942 0.308438 0.031633 0.046012
0 0.185753 0.368509 0.034509 0.043455
0 0.182398 0.427302 0.031633 0.048568
0 0.177126 0.493124 0.032592 0.047290
0 0.171374 0.555751 0.032592 0.047290
0 0.244226 0.190853 0.032592 0.040899
0 0.239913 0.249645 0.033550 0.043455
0 0.237995 0.308438 0.031633 0.046012
0 0.230806 0.368509 0.034509 0.043455
0 0.226493 0.428580 0.031633 0.048568
0 0.222179 0.493124 0.032592 0.047290
0 0.216427 0.555751 0.032592 0.047290
0 0.288321 0.190853 0.032592 0.040899
0 0.286883 0.249645 0.031633 0.043455
0 0.278256 0.312272 0.031633 0.046012
0 0.276818 0.368509 0.034509 0.043455
0 0.274421 0.429858 0.031633 0.048568
0 0.269628 0.490568 0.035467 0.047290
0 0.266273 0.557029 0.032592 0.047290
0 0.331457 0.197243 0.032592 0.040899
0 0.329060 0.249645 0.031633 0.043455
0 0.324747 0.310994 0.034509 0.046012
0 0.319954 0.372343 0.034509 0.043455
0 0.318516 0.434970 0.035467 0.048568
0 0.314682 0.493124 0.035467 0.047290
0 0.311327 0.558307 0.032592 0.047290
0 0.374593 0.197243 0.032592 0.040899
0 0.370279 0.257314 0.031633 0.043455
0 0.368362 0.314829 0.031633 0.046012
0 0.365007 0.374899 0.034509 0.043455
0 0.365486 0.432414 0.031633 0.048568
0 0.363090 0.495680 0.032592 0.047290
0 0.362131 0.560863 0.032592 0.047290
0 0.419646 0.199799 0.032592 0.040899
0 0.415811 0.259870 0.030674 0.043455
0 0.413415 0.317385 0.031633 0.046012
0 0.413894 0.377456 0.034509 0.043455
0 0.409581 0.436248 0.031633 0.048568
0 0.408143 0.494402 0.032592 0.047290
0 0.405267 0.562141 0.032592 0.047290
0 0.464699 0.199799 0.032592 0.040899
0 0.460385 0.258592 0.033550 0.043455
0 0.458468 0.317385 0.031633 0.046012
0 0.456072 0.377456 0.034509 0.043455
0 0.454634 0.440083 0.031633 0.048568
0 0.455113 0.499514 0.032592 0.047290
0 0.452237 0.564698 0.032592 0.047290
0 0.508793 0.199799 0.032592 0.040899
0 0.507356 0.258592 0.031633 0.043455
0 0.503521 0.321219 0.031633 0.046012
0 0.500166 0.377456 0.034509 0.043455
0 0.502563 0.437526 0.031633 0.048568
0 0.500645 0.499514 0.035467 0.047290
0 0.502083 0.564698 0.032592 0.047290
0 0.551929 0.199799 0.032592 0.040899
0 0.549533 0.260139 0.031633 0.043455
0 0.545219 0.319941 0.034509 0.046012
0 0.547136 0.381290 0.034509 0.043455
0 0.548574 0.443917 0.035467 0.048568
0 0.546657 0.502071 0.035467 0.047290
0 0.549054 0.567254 0.032592 0.047290
0 0.121183 0.616748 0.034796 0.049488
0 0.116544 0.680155 0.032477 0.040209
0 0.166998 0.615975 0.033636 0.047942
0 0.164099 0.681701 0.037116 0.055674
0 0.213974 0.619068 0.030157 0.054128
0 0.209334 0.680155 0.034796 0.052581
0 0.262108 0.619841 0.038276 0.052581
0 0.258049 0.684794 0.034796 0.049488
0 0.307924 0.619068 0.037116 0.051035
0 0.305604 0.689434 0.032477 0.046395
0 0.354899 0.621388 0.035956 0.046395
0 0.351999 0.688661 0.037116 0.047942
0 0.402454 0.626027 0.038276 0.055674
0 0.401294 0.688661 0.035956 0.044849
0 0.450589 0.692527 0.034796 0.052581
0 0.450589 0.624481 0.034796 0.046395
0 0.496404 0.629120 0.035956 0.049488
0 0.497849 0.692527 0.034796 0.052581
0 0.547774 0.629120 0.035956 0.049488
0 0.547164 0.698006 0.034796 0.052581
0 0.597651 0.199072 0.032592 0.040899
0 0.599502 0.257865 0.033550 0.043455
0 0.643800 0.204551 0.032592 0.040899
0 0.640308 0.263344 0.031633 0.043455
0 0.691046 0.205462 0.032592 0.040899
0 0.688649 0.263344 0.031633 0.043455
0 0.734182 0.205462 0.032592 0.040899
0 0.729868 0.265533 0.031633 0.043455
0 0.779235 0.208019 0.032592 0.040899
0 0.775400 0.268089 0.030674 0.043455
0 0.824288 0.208019 0.032592 0.040899
0 0.819974 0.266811 0.033550 0.043455
0 0.868382 0.208019 0.032592 0.040899
0 0.866945 0.266811 0.031633 0.043455
0 0.911518 0.208019 0.032592 0.040899
0 0.917341 0.265618 0.031633 0.043455
0 0.958779 0.210758 0.032592 0.040899
0 0.962547 0.265618 0.031633 0.043455
0 0.592480 0.317201 0.034509 0.046012
0 0.594397 0.378550 0.034509 0.043455
0 0.595835 0.441177 0.035467 0.048568
0 0.593917 0.499331 0.035467 0.047290
0 0.596314 0.564514 0.032592 0.047290
0 0.595034 0.626381 0.035956 0.049488
0 0.594424 0.695267 0.034796 0.052581
0 0.639740 0.322681 0.034509 0.046012
0 0.641657 0.384030 0.034509 0.043455
0 0.643095 0.446657 0.035467 0.048568
0 0.641178 0.504810 0.035467 0.047290
0 0.643574 0.569994 0.032592 0.047290
0 0.642294 0.631860 0.035956 0.049488
0 0.641685 0.700746 0.034796 0.052581
0 0.684945 0.322681 0.034509 0.046012
0 0.686862 0.384030 0.034509 0.043455
0 0.688300 0.446657 0.035467 0.048568
0 0.686383 0.504810 0.035467 0.047290
0 0.688780 0.569994 0.032592 0.047290
0 0.687500 0.631860 0.035956 0.049488
0 0.686890 0.700746 0.034796 0.052581
0 0.734260 0.325420 0.034509 0.046012
0 0.736178 0.386769 0.034509 0.043455
0 0.737615 0.449396 0.035467 0.048568
0 0.735698 0.507550 0.035467 0.047290
0 0.738095 0.572733 0.032592 0.047290
0 0.736815 0.634600 0.035956 0.049488
0 0.736205 0.703486 0.034796 0.052581
0 0.783575 0.328160 0.034509 0.046012
0 0.779328 0.389509 0.034509 0.043455
0 0.780766 0.443917 0.035467 0.048568
0 0.785013 0.513029 0.035467 0.047290
0 0.783300 0.578213 0.032592 0.047290
0 0.786130 0.640079 0.035956 0.049488
0 0.785520 0.708965 0.034796 0.052581
0 0.826726 0.325420 0.034509 0.046012
0 0.828643 0.386769 0.034509 0.043455
0 0.830081 0.449396 0.035467 0.048568
0 0.828164 0.507550 0.035467 0.047290
0 0.830560 0.572733 0.032592 0.047290
0 0.835445 0.642819 0.035956 0.049488
0 0.834835 0.708965 0.034796 0.052581
0 0.876041 0.328160 0.034509 0.046012
0 0.877958 0.389509 0.034509 0.043455
0 0.879396 0.452136 0.035467 0.048568
0 0.879534 0.510290 0.035467 0.047290
0 0.877821 0.575473 0.032592 0.047290
0 0.880650 0.637340 0.035956 0.049488
0 0.882095 0.706226 0.034796 0.052581
0 0.921247 0.328160 0.034509 0.046012
0 0.921109 0.389509 0.034509 0.043455
0 0.924602 0.454876 0.035467 0.048568
0 0.928849 0.515769 0.035467 0.047290
0 0.931245 0.580952 0.032592 0.047290
0 0.929965 0.642819 0.035956 0.049488
0 0.935520 0.711705 0.034796 0.052581
0 0.968507 0.328160 0.034509 0.046012
0 0.970424 0.389509 0.034509 0.043455
0 0.971862 0.452136 0.035467 0.048568
0 0.972000 0.510290 0.035467 0.047290
0 0.974396 0.575473 0.032592 0.047290
0 0.979281 0.645559 0.035956 0.049488
0 0.982602 0.714445 0.034796 0.052581