0 0.092751 0.235571 0.034265 0.058762
0 0.092751 0.315319 0.031901 0.067157
0 0.091569 0.397166 0.036628 0.062959
0 0.088615 0.480063 0.035446 0.060861
0 0.086252 0.558762 0.035446 0.062959
0 0.086252 0.644806 0.035446 0.062959
0 0.085071 0.731900 0.033083 0.069255
0 0.082708 0.816895 0.037809 0.062959
0 0.083298 0.905388 0.034265 0.076251
0 0.138240 0.235571 0.034265 0.058762
0 0.138240 0.315319 0.031901 0.067157
0 0.137058 0.397166 0.036628 0.062959
0 0.134104 0.480063 0.035446 0.060861
0 0.131741 0.558762 0.035446 0.062959
0 0.131741 0.644806 0.035446 0.062959
0 0.130560 0.731900 0.033083 0.069255
0 0.128197 0.816895 0.037809 0.062959
0 0.128788 0.905388 0.034265 0.076251
0 0.183729 0.237879 0.034265 0.058762
0 0.183729 0.317628 0.031901 0.067157
0 0.182547 0.399475 0.036628 0.062959
0 0.179594 0.482371 0.035446 0.060861
0 0.177231 0.561071 0.035446 0.062959
0 0.177231 0.647115 0.035446 0.062959
0 0.176049 0.734209 0.033083 0.069255
0 0.173686 0.819204 0.037809 0.062959
0 0.174277 0.903080 0.034265 0.067017
0 0.229218 0.233262 0.034265 0.058762
0 0.229218 0.313011 0.031901 0.067157
0 0.228037 0.394858 0.036628 0.062959
0 0.225083 0.477754 0.035446 0.060861
0 0.222720 0.556454 0.035446 0.062959
0 0.222720 0.642498 0.035446 0.062959
0 0.221538 0.729592 0.033083 0.069255
0 0.219175 0.814587 0.037809 0.062959
0 0.219766 0.900771 0.034265 0.071634
0 0.276007 0.233262 0.034265 0.058762
0 0.276007 0.313011 0.031901 0.067157
0 0.274825 0.394858 0.036628 0.062959
0 0.271872 0.477754 0.035446 0.060861
0 0.269509 0.556454 0.035446 0.062959
0 0.269509 0.642498 0.035446 0.062959
0 0.268327 0.729592 0.033083 0.069255
0 0.265964 0.814587 0.037809 0.062959
0 0.270454 0.896154 0.034265 0.062400
0 0.320197 0.230954 0.034265 0.058762
0 0.320197 0.310702 0.031901 0.067157
0 0.319015 0.392549 0.036628 0.062959
0 0.316061 0.475446 0.035446 0.060861
0 0.313698 0.554145 0.035446 0.062959
0 0.313698 0.640189 0.035446 0.062959
0 0.314466 0.727283 0.036982 0.069255
0 0.314053 0.812278 0.037809 0.062959
0 0.318542 0.898463 0.034265 0.071634
0 0.366985 0.228645 0.034265 0.058762
0 0.366985 0.308394 0.031901 0.067157
0 0.365804 0.390241 0.036628 0.062959
0 0.362850 0.473137 0.035446 0.060861
0 0.360487 0.551837 0.035446 0.062959
0 0.360487 0.637881 0.035446 0.062959
0 0.359305 0.724975 0.033083 0.069255
0 0.356942 0.809970 0.037809 0.062959
0 0.361432 0.891537 0.034265 0.062400
0 0.411175 0.226337 0.034265 0.058762
0 0.409875 0.308394 0.031901 0.067157
0 0.409993 0.387932 0.036628 0.062959
0 0.407039 0.470829 0.035446 0.060861
0 0.404676 0.549528 0.035446 0.062959
0 0.404676 0.635572 0.035446 0.062959
0 0.405444 0.722666 0.036982 0.069255
0 0.410230 0.807661 0.037809 0.062959
0 0.409521 0.893846 0.034265 0.071634
0 0.456664 0.221720 0.034265 0.058762
0 0.456664 0.301468 0.031901 0.067157
0 0.455482 0.383315 0.036628 0.062959
0 0.452529 0.466212 0.035446 0.060861
0 0.455364 0.544911 0.035446 0.062959
0 0.454065 0.635572 0.035446 0.062959
0 0.456782 0.718049 0.033083 0.069255
0 0.454419 0.803044 0.037809 0.062959
0 0.456310 0.889229 0.034265 0.062400
0 0.496954 0.219411 0.034265 0.058762
0 0.499554 0.301468 0.031901 0.067157
0 0.499672 0.381007 0.036628 0.062959
0 0.496718 0.463903 0.035446 0.060861
0 0.503453 0.547220 0.035446 0.062959
0 0.500854 0.626338 0.035446 0.062959
0 0.501622 0.715741 0.036982 0.069255
0 0.503807 0.796119 0.037809 0.062959
0 0.504398 0.893846 0.034265 0.071634
0 0.542444 0.221720 0.034265 0.058762
0 0.547642 0.301468 0.031901 0.067157
0 0.546461 0.383315 0.036628 0.062959
0 0.543507 0.466212 0.035446 0.060861
0 0.546343 0.544911 0.035446 0.062959
0 0.545043 0.635572 0.035446 0.062959
0 0.552959 0.718049 0.033083 0.069255
0 0.550596 0.803044 0.037809 0.062959
0 0.555086 0.886920 0.034265 0.062400
0 0.587933 0.219411 0.034265 0.058762
0 0.590532 0.301468 0.031901 0.067157
0 0.590650 0.381007 0.036628 0.062959
0 0.587696 0.463903 0.035446 0.060861
0 0.594431 0.547220 0.035446 0.062959
0 0.591832 0.626338 0.035446 0.062959
0 0.592600 0.715741 0.036982 0.069255
0 0.594786 0.796119 0.037809 0.062959
0 0.595376 0.893846 0.034265 0.071634
0 0.634722 0.217103 0.034265 0.058762
0 0.641220 0.294543 0.031901 0.067157
0 0.640039 0.376390 0.036628 0.062959
0 0.637085 0.459286 0.035446 0.060861
0 0.639920 0.537985 0.035446 0.062959
0 0.638621 0.628647 0.035446 0.062959
0 0.641338 0.711124 0.033083 0.069255
0 0.644174 0.796119 0.037809 0.062959
0 0.647364 0.889229 0.034265 0.062400
0 0.681511 0.212486 0.034265 0.058762
0 0.678911 0.294543 0.031901 0.067157
0 0.680329 0.374081 0.036628 0.062959
0 0.681274 0.456978 0.035446 0.060861
0 0.688009 0.540294 0.035446 0.062959
0 0.685410 0.619413 0.035446 0.062959
0 0.686178 0.708815 0.036982 0.069255
0 0.694862 0.798427 0.037809 0.062959
0 0.692853 0.889229 0.034265 0.071634
0 0.725700 0.210177 0.034265 0.058762
0 0.728299 0.292234 0.031901 0.067157
0 0.728418 0.371773 0.036628 0.062959
0 0.725464 0.454669 0.035446 0.060861
0 0.732198 0.537985 0.035446 0.062959
0 0.734798 0.626338 0.035446 0.062959
0 0.735566 0.706507 0.036982 0.069255
0 0.737752 0.796119 0.037809 0.062959
0 0.739642 0.884612 0.034265 0.071634
0 0.771189 0.212486 0.034265 0.058762
0 0.776388 0.292234 0.031901 0.067157
0 0.775206 0.374081 0.036628 0.062959
0 0.772253 0.456978 0.035446 0.060861
0 0.780287 0.537985 0.035446 0.062959
0 0.780287 0.626338 0.035446 0.062959
0 0.784304 0.715741 0.033083 0.069255
0 0.786113 0.804983 0.037809 0.062959
0 0.790330 0.884612 0.034265 0.062400
0 0.816678 0.210177 0.034265 0.058762
0 0.819278 0.292234 0.031901 0.067157
0 0.819396 0.371773 0.036628 0.062959
0 0.821641 0.454669 0.035446 0.060861
0 0.823177 0.537985 0.035446 0.062959
0 0.827076 0.619413 0.035446 0.062959
0 0.829144 0.706507 0.036982 0.069255
0 0.833175 0.802675 0.037809 0.062959
0 0.833220 0.884612 0.034265 0.071634
0 0.863467 0.207869 0.034265 0.058762
0 0.866067 0.285309 0.031901 0.067157
0 0.868784 0.367156 0.036628 0.062959
0 0.873628 0.452361 0.035446 0.060861
0 0.872565 0.537985 0.035446 0.062959
0 0.873865 0.619413 0.035446 0.062959
0 0.883081 0.708815 0.033083 0.069255
0 0.883590 0.802190 0.037809 0.062959
0 0.887807 0.889229 0.034265 0.062400
0 0.910256 0.203252 0.034265 0.058762
0 0.912855 0.285309 0.031901 0.067157
0 0.915573 0.367156 0.036628 0.062959
0 0.916518 0.447744 0.035446 0.060861
0 0.916755 0.531060 0.035446 0.062959
0 0.924553 0.619413 0.035446 0.062959
0 0.924021 0.708815 0.036982 0.069255
0 0.933251 0.797573 0.037809 0.062959
0 0.933296 0.879995 0.034265 0.071634